[
[1, [142, 186, 188, 368, 380]],
[2, [53, 125, 151, 265, 266, 334, 385, 428, 438]],
[3, [12, 97, 169, 183, 203, 338]],
[4, [194, 231, 275, 306, 331, 347, 391, 407]],
[5, [57, 278, 404]],
[6, [73, 151, 335, 339]],
[7, [7, 64, 78, 232, 308, 466]],
[8, [79, 98, 105, 115, 213, 272, 302, 407]],
[9, [61, 84, 119, 162, 272, 361, 415]],
[10, [409]],
[11, [5, 130, 177, 231, 297, 356, 416]],
[12, [360]],
[13, [360, 397]],
[14, [80, 140, 190, 234, 245, 424]],
[15, [26, 84, 286, 436]],
[16, [91, 290, 349]],
[17, [99, 179, 304, 333, 420]],
[18, [7, 45, 73, 108, 295, 374, 409]],
[19, [95, 118, 121, 170, 242, 404, 454]],
[20, [162, 235, 317, 397, 426]],
[21, [107, 249, 299, 377, 406, 414, 434]],
[22, [55, 307]],
[23, [168, 282, 399, 430]],
[24, [38, 252, 285, 314]],
[25, [53, 148, 167, 172, 279, 327, 449]],
[26, [61, 177, 281, 288, 312]],
[27, [88, 175, 197, 317, 374, 421, 469]],
[28, [70, 99, 117, 245, 347]],
[29, [108, 166, 275, 352, 454]],
[30, [50, 77, 109, 119, 337, 394, 437]],
[31, [101, 217, 221, 406, 435]],
[32, [3, 20, 118, 167, 190, 212, 323]],
[33, [209, 264, 292, 295, 369, 450]],
[34, [169, 211, 353, 390, 452]],
[35, [79, 348, 454, 464]],
[36, [238, 354]],
[37, [50, 91]],
[38, [18, 86, 108, 136, 187, 202, 217, 231, 271, 321]],
[39, [76, 153, 201, 274, 325, 396]],
[40, [86, 390]],
[41, [6, 11, 32, 45, 108, 287, 378, 425, 444]],
[42, [29, 45, 46, 54, 85, 225, 275, 284, 299, 376]],
[43, [19, 64, 282, 339, 342]],
[44, [32, 44, 62, 339, 369, 378, 400, 412, 430]],
[45, [20, 80, 90, 127, 298]],
[46, [76, 94, 105, 168, 236, 300, 368, 394, 421]],
[47, [76, 124, 260, 359, 461]],
[48, [14, 190, 231, 422]],
[49, [36, 289, 290, 317, 389]],
[50, [54]],
[51, [31, 63, 336, 399]],
[52, [125, 150, 199]],
[53, [18, 43, 79, 309, 418, 422, 452]],
[54, [52, 65, 84, 101, 113, 318, 370, 386, 398]],
[55, [126]],
[56, [156, 205]],
[57, [95, 180, 193, 294, 455, 467]],
[58, [154, 215, 410]],
[59, [60, 108, 139, 160, 200, 403]],
[60, [18, 49, 187, 255, 389]],
[61, [7, 131, 184, 222, 285, 331, 409, 416, 456]],
[62, [12, 28, 237, 287, 421, 430]],
[63, [333, 403, 466]],
[64, [24, 53, 54, 204, 208, 384, 400]],
[65, [213, 255, 354, 361, 415, 418]],
[66, [44, 266, 302, 328]],
[67, [64, 120]],
[68, [144, 147, 286, 349, 391, 425, 430]],
[69, [56, 131, 368]],
[70, [39, 71, 72, 198, 257, 281, 326, 361, 380, 458]],
[71, [75, 366]],
[72, [28, 231, 251, 431]],
[73, [19, 105, 112, 143, 217, 296, 405, 432, 441]],
[74, [388, 428]],
[75, [260, 262, 290, 424]],
[76, [33, 78, 83, 100, 150, 151, 192, 370, 399]],
[77, [142, 211, 280]],
[78, [226]],
[79, [301, 325, 467]],
[80, [18, 52, 194, 235, 311, 370]],
[81, [11, 125, 211, 301]],
[82, [20, 23, 108, 174, 280, 450]],
[83, [16, 64, 68, 104, 106, 192, 284, 402]],
[84, [149, 195, 222, 377]],
[85, [14, 103, 171, 199, 316, 381, 390, 433]],
[86, [57, 109, 240, 296, 300, 321, 348, 378, 436, 445]],
[87, [40, 173, 203, 318, 325, 333, 355, 465]],
[88, [225, 242, 421]],
[89, [186, 283, 388]],
[90, [47, 101, 111, 139, 150, 172, 329]],
[91, [89, 390]],
[92, [57, 74, 129, 152, 203, 316, 380, 408, 413]],
[93, [105, 174, 335, 337, 409, 416]],
[94, [90, 97, 167, 171, 177, 328, 345, 435]],
[95, [35, 141, 155, 175, 202, 463]],
[96, [33, 102, 292, 414, 452, 453]],
[97, [60, 308, 374]],
[98, [4, 6, 55, 261, 397, 425, 456, 467]],
[99, [20, 65, 118, 124, 162, 212, 350, 376]],
[100, [147, 216]],
[101, [1, 140, 164, 168, 173, 240, 254, 393]],
[102, [23, 49, 54, 67, 72, 158, 217, 277, 428]],
[103, [103, 149, 158, 456]],
[104, [144, 372]],
[105, [23, 30, 39, 92, 148, 160, 265, 282, 302, 430]],
[106, [414]],
[107, [111, 429]],
[108, [314]],
[109, [62, 85, 229, 249, 266, 292, 349, 389, 441, 442]],
[110, [312, 453]],
[111, [45, 108, 146, 259, 300, 364, 391, 452]],
[112, [53, 283, 286, 316, 317, 331, 337, 339, 346, 366]],
[113, [96, 156, 285, 321, 354, 385, 465, 466]],
[114, [30, 40, 190, 270, 302, 343, 383, 386, 463]],
[115, [118]],
[116, [130, 195, 217, 254, 320]],
[117, [8, 71, 148, 285, 313, 334, 400]],
[118, [19, 116]],
[119, [216, 228, 283, 296, 329, 340, 406]],
[120, [124, 176, 269, 285, 304, 322, 385, 451]],
[121, [63]],
[122, [55, 78, 122, 236, 354, 442]],
[123, [186, 316]],
[124, [16, 61, 227, 234, 260, 287, 292, 412, 444]],
[125, [14, 47, 84, 86, 122, 134, 175, 246, 343, 371]],
[126, [27, 192, 218, 296, 432]],
[127, [171, 209, 285, 317, 324, 383, 392]],
[128, [298, 409]],
[129, [45, 276, 368]],
[130, [47, 79, 261, 302, 335, 351, 413]],
[131, [28, 138, 277]],
[132, [15, 171, 247, 364]],
[133, [16, 42, 49, 65, 93, 153, 267, 310, 409]],
[134, [5, 84, 119, 126, 201, 306, 469]],
[135, [40, 406]],
[136, [13, 31, 44, 146, 159, 160, 427]],
[137, [55, 174, 185, 232, 237, 339]],
[138, [262]],
[139, [215]],
[140, [147, 216, 382, 405, 415, 441]],
[141, [223, 225, 231, 250, 253, 257, 367, 388, 405, 452]],
[142, [10, 231, 233, 272, 317, 408, 413, 443]],
[143, [41, 318, 329, 333, 401, 431, 456, 457]],
[144, [119]],
[145, [36, 116, 124, 129, 175, 316, 322, 412]],
[146, [27, 144, 191, 335, 344, 352, 407, 435, 446]],
[147, [463]],
[148, [175, 270, 369, 379]],
[149, [121, 239, 321, 336, 389, 390, 393, 433]],
[150, [57, 73, 101, 172, 251, 326, 329, 401, 425, 456]],
[151, [106]],
[152, [3, 5, 19, 268]],
[153, [32, 80, 156, 363, 382, 386, 403, 409, 455]],
[154, [89, 156, 165]],
[155, [114, 167, 202, 256, 261, 278, 410]],
[156, [51, 152, 165]],
[157, [24, 26, 107, 381]],
[158, [417]],
[159, [250, 393, 401]],
[160, [136]],
[161, [6, 16, 18, 126, 157, 235, 266, 293]],
[162, [78, 324, 361, 371, 456]],
[163, [8, 167, 257, 276, 323, 354, 359, 465]],
[164, [52, 276, 467]],
[165, [383]],
[166, [248]],
[167, [2, 32, 75, 173, 349, 377, 424]],
[168, [100, 183, 270, 313, 410]],
[169, [164, 422]],
[170, [76]],
[171, [68, 121]],
[172, [169, 186, 305, 444]],
[173, [46, 67, 120, 124, 197, 272, 396, 406]],
[174, [14, 227, 323, 332, 452]],
[175, [15, 115, 126, 150, 224, 255, 315, 357]],
[176, [13, 42, 113, 131, 133, 261, 403, 425]],
[177, [109, 295, 298]],
[178, [16, 115, 123, 168, 227, 246, 286, 318, 363, 394]],
[179, [72, 146, 355, 374, 419]],
[180, [71, 96, 122, 256, 371, 373, 422, 440, 467]],
[181, [99, 178, 188, 235, 240, 278, 367, 370, 429]],
[182, [177, 199, 208, 255, 262, 333]],
[183, [13, 56, 115, 192, 244, 253, 393, 460]],
[184, [9, 88, 176, 227, 321, 368, 383]],
[185, [2, 10, 35, 121, 226, 285, 328, 388, 401]],
[186, [91, 104, 225, 259, 469]],
[187, [55, 67, 82, 113, 188, 312, 433]],
[188, [160, 252, 269, 290, 323, 324, 410, 423]],
[189, [426]],
[190, [6, 87, 136, 233, 252, 282, 394, 422]],
[191, [64, 74, 254, 287, 325, 328]],
[192, [20, 29, 35, 86, 132, 143, 177, 223, 418, 441]],
[193, [6, 20, 76, 81, 114, 199, 299, 444, 450]],
[194, [20, 38, 84, 124, 191, 229, 353]],
[195, [15, 78, 119, 142, 220, 235, 321]],
[196, [22, 59, 108, 173]],
[197, [55, 188, 190, 231, 287, 290, 335, 455]],
[198, [285, 337]],
[199, [184]],
[200, [35, 221]],
[201, [53, 68, 92, 191, 257, 325, 341, 348, 372, 449]],
[202, [39, 337]],
[203, [72]],
[204, [428]],
[205, [13, 34, 76, 268, 286, 290, 444]],
[206, [332, 451]],
[207, [9, 266, 332]],
[208, [26, 86, 107, 122, 176, 214, 260, 351, 468]],
[209, [1, 81, 104, 223, 267, 356, 391, 443]],
[210, [29, 132, 219, 244, 352, 388]],
[211, [13, 255, 328, 364]],
[212, [12, 122, 256, 320, 333, 361, 381, 382, 387]],
[213, [234]],
[214, [55, 77, 107, 165, 204, 274, 398]],
[215, [144, 176]],
[216, [84, 93, 184, 214, 220, 272, 300, 369]],
[217, [292, 298, 401]],
[218, [83, 94, 101, 246, 302, 303, 325, 328, 392, 400]],
[219, [162, 196, 278, 290]],
[220, [302, 365, 440]],
[221, [41, 59, 90, 165, 300]],
[222, [55, 234, 290, 322, 379, 420]],
[223, [456]],
[224, [202, 336, 339, 368, 425, 445, 461]],
[225, [124, 140, 173, 206]],
[226, [214]],
[227, [69, 186, 227, 343, 403]],
[228, [10, 27, 103, 247, 278, 370, 375]],
[229, [12, 169, 304]],
[230, [88, 255, 267, 272, 383, 423, 430, 449, 460]],
[231, [150, 427]],
[232, [146, 285]],
[233, [149, 247, 278, 301, 308, 433, 437, 459]],
[234, [128, 151, 281, 315, 445]],
[235, [342, 441]],
[236, [10, 133, 147, 216, 245, 299, 314, 336, 446, 447]],
[237, [308]],
[238, [88, 444]],
[239, [72, 97, 110, 151, 166, 178, 290, 312, 319, 400]],
[240, [86, 181, 200, 201, 256, 306, 341, 343, 415]],
[241, [4, 176, 208, 277, 367, 464]],
[242, [21, 100, 164, 403, 437, 454, 467]],
[243, [54, 71, 462]],
[244, [69, 158, 159, 194, 196, 251, 266, 292, 332, 368]],
[245, [72, 137, 180, 201, 354, 379, 438, 454]],
[246, [122, 136, 183, 256, 259, 287, 322, 332, 350]],
[247, [80, 130, 212, 227, 258, 327, 365]],
[248, [13, 32, 63, 88, 147, 212, 313, 409, 422, 424]],
[249, [68, 96, 148, 203, 231, 252]],
[250, [107, 135, 250, 283, 318, 402, 406, 420]],
[251, [53, 63, 290, 292, 323, 324, 350, 359, 392]],
[252, [70]],
[253, [192, 227, 233, 241, 259, 296, 316, 340, 412, 421]],
[254, [102, 123]],
[255, [6, 22, 112, 128, 129, 145, 167, 193, 213]],
[256, [22, 428]],
[257, [36, 81, 130, 137, 138, 139, 217, 221, 263, 280]],
[258, [352]],
[259, [15, 38, 164, 171, 175, 193, 251, 420]],
[260, [88, 116, 261, 282, 312, 456]],
[261, [91, 380]],
[262, [51, 71, 72, 101, 188, 228, 266, 282, 353, 360]],
[263, [253]],
[264, [29, 112, 153, 280, 328, 400, 421, 428]],
[265, [119, 138, 212, 234, 348, 355, 357, 458]],
[266, [32, 81, 191, 219, 289, 321, 446]],
[267, [11, 60, 132, 160, 209, 318, 344, 408, 452]],
[268, [199]],
[269, [64, 105, 147, 166, 181, 300, 342, 374, 375, 402]],
[270, [28, 32, 133, 138]],
[271, [22, 65, 92, 103, 245, 257, 303, 319, 347, 354]],
[272, [146, 263, 325, 332]],
[273, [21, 72, 138, 190, 270, 281, 340, 365, 375, 421]],
[274, [100, 134, 165]],
[275, [109]],
[276, [77, 105, 240, 292]],
[277, [153, 221, 223, 227, 380, 412, 464]],
[278, [11, 90, 189, 418]],
[279, [37, 122, 159, 188, 440]],
[280, [3, 18, 37, 50, 92, 102, 139, 264, 317, 395]],
[281, [55]],
[282, [4]],
[283, [10, 136, 162, 266, 371]],
[284, [38, 394]],
[285, [24, 109, 213, 217, 235, 276, 321, 332, 406, 437]],
[286, [169, 174, 258, 298, 366]],
[287, [12, 100, 157, 193, 236]],
[288, [98, 118, 217, 224, 236, 281, 302, 347, 374]],
[289, [5, 20, 84, 100, 123, 312, 339, 353, 405, 439]],
[290, [3, 19, 160, 238, 311, 400, 420]],
[291, [9, 93, 162, 298]],
[292, [75, 83, 117, 169, 282, 319]],
[293, [34, 123, 161, 264, 376]],
[294, [173, 343]],
[295, [98, 259, 264, 272, 292, 357, 383, 385, 420]],
[296, [83, 132, 189, 203, 248, 364, 376]],
[297, [118, 200, 318, 340, 355, 456]],
[298, [186, 266, 292, 317, 355]],
[299, [21, 86, 90, 108, 113, 127, 180, 244, 402, 427]],
[300, [124, 223, 245, 281, 345, 356]],
[301, [15, 23, 145, 158, 165, 203, 208, 222, 245, 297]],
[302, [104, 157, 405]],
[303, [214]],
[304, [12, 48, 57, 67, 71, 156, 166, 191, 300, 362]],
[305, [11, 121, 349, 385]],
[306, [27, 139, 140, 179, 263, 360, 363, 452]],
[307, [33, 103, 144, 161, 258, 379, 437, 460]],
[308, [93, 352, 356, 417, 450, 466]],
[309, [205]],
[310, [13, 46, 59, 236, 264, 292, 417, 423, 442]],
[311, [68, 143, 237, 263, 297, 418, 449]],
[312, [49, 71, 106, 108, 142, 143, 162, 217]],
[313, [7, 125, 128, 169, 193, 281, 300, 369]],
[314, [369]],
[315, [15, 222, 311, 403]],
[316, [41, 157, 171, 239, 309, 435]],
[317, [78]],
[318, [76, 263, 298]],
[319, [14, 24, 38, 54, 80, 220, 372, 404, 433]],
[320, [206, 226, 435]],
[321, [51, 85, 124, 282]],
[322, [154, 264, 423]],
[323, [115, 160, 195, 358, 380, 391, 422, 467]],
[324, [14, 117, 184, 288, 303, 321, 330, 351]],
[325, [85, 149, 223, 256, 396]],
[326, [25, 93, 95]],
[327, [134, 247, 250, 336, 389, 435, 438]],
[328, [52, 59, 316, 338, 385, 413, 420, 467]],
[329, [262]],
[330, [5, 20, 49, 111, 154, 157, 165, 180, 313, 335]],
[331, [70, 74, 75, 82, 110, 158, 282, 359, 450]],
[332, [25, 33, 78, 143, 364, 428]],
[333, [90, 110, 140, 146, 168, 244, 282]],
[334, [312, 346]],
[335, [121, 263, 343, 355]],
[336, [220, 425]],
[337, [8, 46]],
[338, [85, 291, 300, 309, 312]],
[339, [3, 195, 389, 427]],
[340, [10, 184]],
[341, [121, 131]],
[342, [68, 149, 286, 413, 447]],
[343, [64, 205, 258, 260, 340]],
[344, [127, 391]],
[345, [65, 169, 232, 236, 325, 415]],
[346, [62, 93, 164, 178, 190, 281, 324, 380, 428]],
[347, [20, 49, 140, 185, 264, 334, 344, 422]],
[348, [10, 27, 165, 363, 412]],
[349, [35, 111, 113, 153, 229, 333, 334, 341, 442]],
[350, [58, 170, 193, 229, 239, 305]],
[351, [25, 42, 78, 138, 225, 283, 378, 391, 413]],
[352, [195, 266, 352, 407, 458]],
[353, [86, 150, 177, 221, 252, 315, 347]],
[354, [154, 200, 276, 315, 317, 320, 420]],
[355, [83, 112, 140, 175, 268, 297, 315, 344, 390, 424]],
[356, [68]],
[357, [20, 24, 119, 160, 181, 202, 234, 237, 327, 349]],
[358, [23, 41, 109, 137, 231, 401, 426]],
[359, [66, 137, 207, 215, 244, 389, 434, 440]],
[360, [51, 233, 291, 379, 390, 398, 467]],
[361, [17, 50, 80, 102, 116, 132, 195, 268, 330, 352]],
[362, [52, 126, 170, 200, 224, 302, 316, 405]],
[363, [29, 66, 247]],
[364, [9, 241, 371]],
[365, [406, 417]],
[366, [96, 191, 422]],
[367, [121, 195, 358]],
[368, [64, 113, 234, 260, 262, 342, 390, 418, 435]],
[369, [29, 142, 235, 445]],
[370, [195, 213, 283, 418, 446, 448]],
[371, [28, 145, 167, 271, 288, 352, 394]],
[372, [50, 128, 463]],
[373, [116, 189, 246, 391, 426]],
[374, [50, 172, 288, 340, 342]],
[375, [169, 358, 453]],
[376, [23, 69, 102, 210, 245, 275, 373, 379, 383, 441]],
[377, [88, 114, 227, 274, 322, 352]],
[378, [65, 161, 326, 333]],
[379, [123]],
[380, [84, 141, 155]],
[381, [105, 291, 350, 380, 385, 396, 405, 416]],
[382, [333, 337, 347, 370, 398]],
[383, [8, 184, 216, 218, 239, 248, 271, 302, 311, 441]],
[384, [114, 137, 151, 173, 201, 225, 291, 411]],
[385, [112, 117, 119, 267, 440, 443]],
[386, [4, 119, 159, 246, 252, 295, 296, 318, 343, 352]],
[387, [143, 171, 446]],
[388, [90, 204, 248, 266, 435, 444, 448]],
[389, [457]],
[390, [5, 27, 44, 212, 233, 259, 291, 352]],
[391, [45, 91, 183, 445]],
[392, [16, 52, 164, 197, 323, 396]],
[393, [119, 144, 161, 281, 302, 384, 388, 413]],
[394, [56, 67, 100, 222, 254, 279, 320, 341, 371, 452]],
[395, [101, 137, 140, 197, 242, 339, 347, 374, 425, 428]],
[396, [57, 70, 244, 262, 307, 411]],
[397, [148, 151, 238, 320, 455]],
[398, [32, 86, 104, 117, 165, 226, 273, 327, 416, 456]],
[399, [31, 73, 155, 188, 204, 209, 231]],
[400, [17, 58, 116, 153, 190, 192, 200, 421, 445, 451]],
[401, [29, 76, 160, 191, 355, 410, 425, 449]],
[402, [52, 71, 155, 259, 337]],
[403, [5, 146, 337]],
[404, [449, 454]],
[405, [13, 26, 193, 294]],
[406, [13, 95, 97, 140, 151, 211, 225, 400, 403, 412]],
[407, [40, 224, 274]],
[408, [19, 64, 92, 122, 124, 221, 346, 349, 377, 390]],
[409, [29, 154, 217, 222, 230]],
[410, [107, 124, 130, 185, 388, 420, 425]],
[411, [2, 152, 219, 228, 307, 365, 430]],
[412, [79, 208, 309, 455]],
[413, [33, 71, 174, 200, 275, 352, 361, 428, 439]],
[414, [142, 145, 249, 289, 294, 439]],
[415, [13, 137]],
[416, [24, 138, 194, 240, 267, 386, 389, 418, 449, 456]],
[417, [63, 117, 156, 162, 208, 216, 246, 306, 401, 429]],
[418, [81, 161, 185, 261, 323, 348, 350]],
[419, [49, 228, 265, 271, 298]],
[420, [85, 86, 194, 222, 330, 341, 359, 367, 393]],
[421, [157, 244, 361, 449]],
[422, [15, 65, 164, 435]],
[423, [8, 14, 37, 105, 120, 237, 334, 396]],
[424, [371]],
[425, [12, 55, 56, 157, 179, 244, 267, 291, 335]],
[426, [62, 68, 114, 135, 205, 216, 426]],
[427, [122, 249]],
[428, [21, 35, 73, 147, 211, 218, 286, 362, 386, 444]],
[429, [56, 119, 123, 194]],
[430, [147, 224, 314, 331, 425, 455]],
[431, [57, 118, 129, 211, 245, 283, 316, 395, 400]],
[432, [81, 95, 140, 165, 218, 224, 247, 355, 376]],
[433, [15, 280, 322, 335, 341, 364, 423]],
[434, [1, 34, 85, 398]],
[435, [164, 187, 213, 217, 293, 375, 428, 452]],
[436, [61, 339, 380]],
[437, [127]],
[438, [25, 70, 92, 271, 358]],
[439, [15, 33, 88, 190, 237, 255, 276, 321, 364]],
[440, [7, 107, 147, 171, 245, 269, 282, 335, 345]],
[441, [163, 166, 258, 264, 266, 309, 414]],
[442, [1, 33, 65, 200, 225, 336, 371]],
[443, [103]],
[444, [12, 98, 134, 211, 251, 264, 328, 381]],
[445, [423, 431]],
[446, [10, 44, 103, 247, 258, 432]],
[447, [19, 25, 119, 143]],
[448, [344]],
[449, [198]],
[450, [73, 100, 266, 384, 415]],
[451, [22, 114, 141, 198, 215]],
[452, [50, 92, 128, 149, 211, 262, 269, 319, 328, 383]],
[453, [26, 45, 315, 351, 394, 415]],
[454, [86]],
[455, [91, 128, 179, 212, 380, 399, 452]],
[456, [18, 41, 361, 457]],
[457, [8, 46, 167, 204, 205, 218, 312, 349, 394, 403]],
[458, [45, 81, 88, 176, 243, 362, 429]],
[459, [7, 13, 72, 188, 228, 267, 435]],
[460, [74, 163, 198, 386, 465]],
[461, [63, 311, 340]],
[462, [272, 296, 334]],
[463, [86, 270, 403, 456]],
[464, [71, 210]],
[465, [150, 329]],
[466, [89, 214, 217, 365, 368, 466]],
[467, [11, 54, 88, 94, 214, 274, 283, 352, 383]],
[468, [106, 112, 196, 236, 267, 308, 390, 469]],
[469, [89, 238, 243, 309, 353, 358, 388]],
]
