5884
1804
480
3516
4564
7764
8250
7176
6960
3756
9632
3142
4482
8292
6188
5752
5618
6654
8726
6056
7234
7184
1316
3708
2898
9270
9146
3594
9486
5486
2068
6812
7060
6684
2572
1772
8358
4220
9280
1898
7236
8410
4716
7146
1896
3518
7670
7808
5896
8628
7874
1672
8534
6296
2358
6966
9086
2826
4022
9456
1818
7466
3392
496
5384
1090
764
6020
5498
9538
2026
9640
916
1270
5346
7590
2616
7896
2972
4388
6522
2402
370
9314
1704
9826
7160
3202
6938
7534
6298
462
9408
5740
3572
9552
5810
1202
9822
2192
5960
6390
3364
3628
6882
6172
4556
8438
8074
608
1124
1018
8530
7790
8574
6784
7228
4756
5458
9358
250
1206
4766
6404
4036
5372
6242
2214
1204
934
1348
9846
4438
6314
232
1554
3396
190
8914
3398
1496
8596
4308
3028
6900
4026
306
3536
1784
2046
8796
8362
9448
256
9416
7864
4584
9808
7336
9570
268
5944
3994
8312
6344
6158
1118
9516
6886
5722
2774
4742
9596
8148
9350
6916
752
6614
8768
5260
6554
8218
9608
4780
5848
7562
1380
8116
7224
3620
6264
4826
9834
1174
1690
7416
1542
2652
9912
8328
7370
3332
8216
9278
9600
2036
8742
8738
8618
6850
5972
9400
2946
5306
8376
2998
4634
7190
3206
960
2782
2144
3590
6470
50
5026
3394
2162
1280
860
9074
9814
5552
2380
3314
6862
2148
6516
1538
2338
6956
3450
4058
7308
5736
9668
3454
9670
6180
1342
3162
7262
2534
6800
3040
6994
9196
9646
330
8012
1058
802
8036
4790
6556
4514
302
3302
4996
1056
8644
8606
8870
9132
7652
1306
9908
6514
1710
6690
1038
7592
4002
4344
8860
1544
1700
7578
3072
7794
1506
9932
4298
7356
5270
3472
8450
5888
4518
670
1222
4430
8660
2382
8840
4458
6192
8136
2640
5992
6232
5178
1796
8958
5356
9894
5148
1946
4774
8558
522
3746
1622
3560
8496
8184
5476
4082
4208
6312
3460
38
6838
1478
8874
5852
148
8862
9154
2250
4604
8210
7292
1828
8304
2184
2188
4178
2556
3122
4342
9810
7374
9862
7360
1884
1502
4030
9246
4102
9720
3442
2912
1070
1630
8908
3622
1196
8440
7782
8266
8604
9200
8752
182
1882
354
992
3328
6676
5564
9900
6140
6540
5228
7210
6174
5350
3224
9026
7066
9766
6422
4172
4046
9336
2190
8996
3760
2430
1146
4632
2080
6478
3508
2502
7596
1494
2224
7780
9630
6602
2366
3546
7422
1762
8314
6126
344
6416
652
8960
2798
592
6000
6552
9088
9388
834
8616
3114
1012
7496
5122
4064
3848
6672
8812
6362
1878
6794
6112
1728
5994
2236
9658
1592
9664
3718
5570
9786
1364
7192
5644
7660
6092
4816
4486
9662
4242
5298
9354
434
2374
2150
5716
5128
7020
6054
5454
4520
9162
5046
8424
8310
9820
1530
6202
7260
9098
3066
4700
7164
2608
6652
1188
1060
8476
3952
2830
6714
2670
5246
8084
7926
16
7092
3866
1198
7558
7428
8408
1388
558
5378
7692
1278
4624
7872
9142
6248
2520
2238
4526
8682
1726
3274
8096
5786
2292
4412
504
5858
8412
9474
7344
918
758
8350
8986
524
1474
3968
1322
8842
4356
6266
186
1318
5968
3320
728
7088
5676
3448
6724
3474
7650
9202
8418
2516
9096
1210
2060
4144
8802
380
9616
1850
4136
2868
4240
3238
1140
3974
9308
9938
710
4060
3918
4364
4374
7934
490
1802
6718
1624
8978
9066
5268
8786
4662
2692
1356
8402
9950
4214
4978
3300
2364
4464
9890
8536
7476
1944
4376
4890
4712
3976
6532
4248
3854
8694
1266
4032
5850
398
7784
8394
6008
2636
200
7330
6634
9226
6462
4420
5056
3800
4702
976
6528
272
3946
4558
606
2598
6884
6930
1756
7880
5006
6400
8632
852
8784
4872
9384
7136
5002
4946
6568
8514
4704
1456
8070
1192
9728
8054
5538
6986
2486
2542
4678
5558
704
3074
1148
7414
6530
9466
4578
5442
8024
8740
7142
6972
1094
8364
2100
8348
2408
6908
9262
8186
4362
4326
5370
5954
8008
3592
5900
8646
2762
1284
4724
6920
8080
6448
7494
7956
3610
8344
7400
2200
3182
7658
7632
3050
9464
7298
7114
8342
1562
3778
4310
530
9126
4660
7086
324
5974
7726
8374
3378
3464
3736
376
5098
1104
5612
6068
3174
4460
7002
230
1260
2828
9030
3980
3526
2738
9210
2800
9298
6712
7076
5142
5528
3598
3014
8194
1194
3318
6326
9694
3128
8118
5340
8970
3520
7830
9574
1468
1072
9410
7806
8674
4544
5168
6572
1888
6600
6996
810
2944
1000
5914
2050
1696
9706
8248
8764
4966
6608
9040
5250
6300
1244
7628
5354
4990
1522
2952
548
9988
6058
9362
1228
880
4450
9364
2426
5542
8648
1084
994
7998
2630
6134
7364
870
9744
4938
8470
7098
4244
7008
3808
1440
5664
4038
8844
1990
1002
9982
8666
8138
3188
8034
3570
9854
2964
8904
7606
4494
4954
6036
6216
4436
1422
8952
5770
9338
5918
9832
9422
7672
4694
9116
86
1560
1692
1790
9976
1782
2852
80
3310
8240
8892
3132
970
6706
68
3902
36
3942
9110
3214
9322
512
9160
4908
7542
7278
8056
6870
750
96
4860
4324
3296
3564
5170
2388
3476
6026
3940
1588
3252
4390
1752
5144
4368
4354
2866
3046
3802
5314
9436
4218
762
5658
9208
5044
8114
5720
656
6860
4758
1534
8098
8048
7912
8298
9174
3458
896
7986
6730
8636
6418
4620
5578
1050
2642
9776
9368
8650
9076
9036
9144
3928
3134
9042
6386
8300
8600
4476
4862
2462
4580
8832
8510
9016
8714
2222
5608
4568
6508
40
4656
4314
1512
2474
9386
5878
3900
7918
6044
7744
2658
8610
8294
5322
6294
4262
6696
4422
8948
2860
7328
4688
8046
8072
9588
6492
2518
3502
6084
6738
5400
7460
2074
5966
4198
8880
7462
5324
2400
2718
6894
5890
1230
5494
8748
7810
9128
5010
1396
3644
9926
9072
2246
8430
3578
7752
3872
6380
6060
1032
8814
2310
3692
9100
7858
4792
8
2936
8224
4084
7964
716
6064
5456
1536
7852
1398
8956
472
2810
6432
3036
9106
5626
4094
8620
1976
5352
550
2038
2928
9424
7468
700
5138
9352
5336
3022
5692
366
8708
1464
3868
4530
2448
1122
6450
5734
9780
1344
5520
6230
8868
9704
242
6842
6640
5288
7722
6190
3126
8918
7046
4786
1928
718
6320
2618
2318
6798
6874
1064
9508
394
2394
2974
4194
4980
4658
7442
7284
8854
8278
5066
520
3150
5802
7318
3776
3414
8550
2976
6914
9056
9264
2700
2548
874
9078
8524
2644
62
2786
9190
476
1310
6168
6196
2790
7354
2006
7174
3160
630
8040
350
5628
3268
6270
6560
1668
7474
1294
6628
7850
4962
3082
642
1716
5924
748
5438
1854
7470
4372
7620
8174
2076
2966
8158
5580
6282
5556
2434
9688
6378
48
6632
7018
1480
3190
9936
2086
3884
2656
7994
7638
4370
3346
1868
4284
7740
172
1334
2424
2930
6276
6414
1498
4334
6562
9380
4056
7478
4654
890
2132
4050
850
2918
6280
9550
7392
1338
7050
106
3986
7000
5436
6856
3084
1208
4206
526
5166
3350
5388
8236
6160
1424
2052
8614
3912
4806
7472
920
9948
5070
2384
3136
2524
3412
4330
5986
6120
3360
2612
7770
5584
5302
5596
1910
9204
9748
5574
1632
6846
9590
8696
1300
2600
2766
3240
3984
8334
3948
1548
3242
6964
6334
3006
9672
346
4574
7548
9660
628
2732
3714
9472
6348
316
3110
5610
8570
892
20
174
9626
9378
3288
3638
3826
3280
1404
9252
88
6622
5922
1862
4760
1834
9884
6318
6382
9070
1016
4132
8030
5274
8816
236
228
9082
2808
124
5464
8052
5300
4276
1242
6782
6486
804
4272
4944
5572
7154
9250
1552
1820
4478
2398
1730
8044
5184
4848
9292
3116
7450
1274
1824
938
5304
4468
9382
464
5396
6358
7948
4238
3270
8200
9734
6332
7532
4156
6778
3498
8712
5744
1950
8484
2182
1030
14
3728
1008
2672
282
3944
6826
3272
204
1516
9858
7980
266
9764
3156
9156
3764
9564
4130
7816
3960
3816
1448
3236
8720
600
162
9954
94
8272
9502
1290
460
3818
770
9192
154
4186
3786
9080
2072
8954
4152
3530
1362
1366
8164
7936
7924
5124
7662
3846
160
7528
2164
8820
9048
2856
3468
4730
9818
3930
3462
3216
6046
1034
5446
386
4866
978
5232
9520
4646
2112
3200
216
2342
5466
7708
4448
1984
5678
2582
8982
2276
5546
5532
668
166
7742
478
5390
4824
4686
910
1550
9492
3248
638
6582
7458
8150
8656
7576
4142
2134
1484
4652
4226
5674
2496
2274
2042
9150
5828
442
6732
4382
3500
2258
6424
1618
3322
1674
5702
2506
3698
498
8286
1640
9760
7084
9716
2662
922
6162
1520
7216
5176
3000
532
5808
3616
8028
5282
8756
6408
1998
7822
9784
1374
7178
12
1858
7156
4146
982
5194
6090
1754
9274
2322
374
8984
9258
2956
4952
9918
1454
3344
2962
6588
4250
846
4306
1336
7866
7242
5444
8392
6286
3922
4182
8518
6984
4104
7186
8586
4402
4140
7204
5090
1892
8642
9236
8580
2816
7920
184
6122
9316
3858
2406
6468
5634
2622
9320
5582
7890
4596
2832
7776
7668
6284
5996
6268
2566
6734
6088
6012
1022
8780
6102
3544
5468
9738
7054
7878
5936
2890
7968
450
8626
7840
8976
9978
778
4830
5646
1040
2084
8992
22
2684
5364
5514
9114
436
7520
4974
7056
5072
4610
9740
1770
1684
9152
188
3212
5162
280
6152
3982
5420
3842
8808
4672
8680
974
9440
2436
7266
6664
1048
6818
3996
4434
3806
444
1604
1712
8640
6648
6210
6892
4768
1810
7068
3210
9346
2186
9198
9840
4192
5750
4744
4452
6136
5078
134
4750
8018
240
7584
9602
6482
5086
5492
6452
2014
3058
1940
3496
1742
7930
7456
4068
2724
6752
192
2160
1524
8734
8032
5412
6150
4718
7824
5818
9944
5906
6666
8270
9656
4626
7488
9514
2858
408
1582
7078
5590
4166
5540
7940
4424
3908
3418
5668
3354
6502
9726
7952
7842
7232
5230
5218
1384
7410
6786
3972
292
942
4392
5132
8942
3170
5152
7334
9804
9904
6506
1470
6910
2248
6834
2286
6014
9296
2688
270
2078
1988
5386
8010
730
8926
2638
3286
3482
2754
4400
9986
6998
4454
6926
4246
2096
2996
8736
2108
7518
8144
3504
3852
8772
6376
390
5592
5820
1894
3266
8370
4128
1246
6726
2846
2266
9850
2088
5410
3510
1180
6526
1382
1916
2842
8500
9010
6578
8242
9376
7188
7454
9224
4116
2116
2008
2152
8528
6558
5598
4570
6108
4738
4586
7384
7700
1994
9330
4196
5706
8916
3890
1482
590
198
7802
130
5406
830
2788
5022
8182
296
9572
3744
156
8834
7922
9742
7686
6052
6040
1960
1904
3138
4512
304
2290
4384
8192
58
786
1490
7182
8774
6260
8836
6262
5450
4832
5502
3790
8282
8578
8288
7226
112
7134
2776
1252
1092
1656
320
2440
7676
5104
3574
2540
2536
6976
3152
6624
2028
4138
9254
2690
9140
7202
7100
1240
4762
8474
6550
3870
2916
9960
8508
3370
6218
5864
2480
2228
2726
2904
8092
8718
6942
4398
726
3964
4968
4282
8716
6338
4098
9690
1024
9812
1626
3936
7634
3422
1488
2282
430
8094
3674
9712
1296
6238
4210
966
2752
6596
9802
3670
8296
576
1842
3292
4096
5838
4470
2334
5276
6840
9282
5978
5876
7096
1324
8540
2814
2552
9778
384
952
1918
1670
620
8790
1714
226
7706
4854
414
9536
8944
788
8238
2370
7052
3916
3424
4698
5684
3732
6454
5112
2336
1936
9996
9050
5800
9004
1066
4886
5280
5654
8704
8672
3754
746
470
1434
674
8698
8798
1112
9454
5882
2226
7860
7884
800
990
4640
888
294
6278
616
5210
264
9888
9494
8466
7032
5866
9138
3298
5624
9994
7108
4552
10
360
9528
570
5030
9240
8208
1968
2606
7656
738
152
9852
2758
2632
2166
4506
8988
9532
582
9228
5292
8754
5510
8554
5028
1190
5860
1400
2194
6
5064
4618
4028
4994
7728
7644
2564
8878
8828
7704
2792
7732
5118
4346
3706
1694
4230
9892
7110
2988
792
1860
3724
3016
1256
1106
3748
1462
6194
4878
574
3166
944
4836
2510
4394
6876
6148
9856
7498
6330
1890
5040
8852
1568
4020
5594
6316
8108
6388
7170
7966
2704
7368
1970
6226
3222
4074
8480
1732
458
7492
6710
7540
1650
3164
2982
1234
4016
7950
3956
946
4124
7512
308
4808
2514
1074
3970
2344
2454
456
4992
7614
7402
8928
9524
1476
3316
708
4404
5060
1352
7432
604
420
9952
6368
8196
7350
6946
1638
7230
7180
2252
9686
4366
3120
2404
2232
5830
6306
5222
1836
2748
2710
9310
2770
5928
4484
8022
9584
8222
1370
7510
5806
8290
622
3810
4332
8380
4070
8388
6674
9928
536
8260
7698
1564
6038
2172
864
3608
4594
5244
8622
1044
5032
8532
7218
6692
6346
6978
6612
9366
2350
2304
4010
7684
1964
3338
986
2626
618
3104
1856
6156
5172
646
6032
2610
3052
5360
9504
5186
2438
7508
1130
1154
7398
2954
2362
5660
3914
7844
6076
248
8482
6220
8760
4414
3614
7048
7024
6880
9216
2780
1786
3088
3864
8064
5272
5616
4292
3404
466
6066
1812
9576
6740
6814
452
6872
332
878
508
5212
8522
3194
3428
126
5822
3634
4668
3276
4666
3568
5934
1414
8488
7042
8750
2986
2174
5294
702
7040
8516
9480
158
2750
5606
1600
6396
1724
2180
9756
9700
7710
4294
6010
9542
2154
5220
7062
4040
4998
2466
7910
5868
9914
3340
2234
588
4004
8848
3324
2850
1442
8336
4852
1212
3230
3002
8968
5164
298
4566
4934
8268
5844
7750
6480
1010
1178
4590
5156
3184
9604
3080
7962
912
8838
6144
424
6544
276
3720
7118
3676
1580
8564
4868
3054
876
4696
5382
2822
2668
8544
1706
9902
632
6496
5814
4106
3932
9402
2874
7730
9992
4278
8188
4114
76
2804
6822
9360
9104
412
3540
1214
5780
5258
368
8460
5526
6594
4796
736
6570
996
2526
4200
2772
1602
6198
326
9710
5698
2488
1218
9560
9242
8004
5050
6114
8442
7768
1776
1798
9610
4680
4930
6694
8398
7372
3198
958
4118
7976
8230
1956
6660
274
288
9118
5856
8178
856
4340
2538
2948
4788
6200
8066
4896
1922
8244
2584
542
7796
4722
9102
836
1954
4864
9476
7526
6072
5788
2508
492
2302
3768
8378
7300
9578
3144
9592
1088
3834
6274
2
4360
3656
1176
1264
9046
6832
7124
8212
66
6082
5286
28
9450
980
2802
8214
402
2910
6820
5150
1286
3092
1574
8396
6372
7738
8252
9958
8050
8382
9414
6042
8562
8006
9370
6772
4770
3308
5518
6958
2002
2280
3850
7258
6680
6898
9654
3186
340
7288
6896
7798
6310
2570
1004
1768
5942
8882
7530
4942
5160
5110
2416
8354
8668
8322
8744
3892
74
8140
9166
410
5730
7914
956
5366
5762
8456
8464
1450
4260
1446
4964
9044
4948
4444
2472
5068
566
854
1466
6824
9490
6816
676
4350
8126
5208
3580
7826
7030
610
2056
2778
7970
9356
3992
540
1920
3306
3668
5620
4338
4882
3410
9556
9934
4644
3290
4630
2240
4612
300
6980
1576
3356
4014
5980
1258
6030
2698
9302
8866
338
8426
6574
6936
9806
9426
3726
8338
9170
2820
4936
2970
2034
1416
4532
2110
6392
7580
4778
7004
5516
7774
842
7900
82
5474
8690
4110
5462
1438
6366
8112
5080
6702
6474
6034
7954
9614
1808
7786
2268
1780
5522
5358
572
7072
6518
2702
3020
128
5202
1594
3558
2242
4900
3910
6442
6950
7396
2298
7082
812
6484
6244
644
3666
6698
6682
1170
9022
8000
660
4920
7788
8894
5424
7938
7990
4844
3148
6004
168
9306
5024
6104
1546
8302
6124
6756
7506
3258
6458
3068
9970
2708
2098
4440
806
6062
9058
766
9462
3734
1046
8910
4236
9788
2312
7480
1992
1806
6924
2198
2894
4706
4528
2760
224
5760
108
1376
8934
8502
562
2210
9718
3388
9272
2464
2938
4318
8906
4502
7490
9032
4158
5728
2468
1116
1410
1566
5614
9288
3844
8678
6906
1766
7904
428
8352
8688
5672
8494
3348
2106
10000
818
8146
2064
5798
1886
9212
3416
678
9218
6520
194
9266
34
5036
8664
5894
3678
9136
5630
2314
8584
1378
4740
1460
4034
2420
5158
4674
6758
44
6662
8758
7306
5784
4270
2090
6146
7394
4534
6028
7932
1844
5640
7132
6796
4474
8152
1636
7028
1682
468
9684
2020
8776
6224
9506
6626
6790
9540
4784
7378
2834
650
6002
7876
42
2522
8462
8406
6948
5732
4328
9460
220
7760
4432
5946
1666
9342
2476
8206
6974
7854
7696
6488
5726
6844
4888
8676
1598
6406
1108
7150
3740
722
586
8624
2870
3904
624
6564
1980
6646
6352
4224
5088
5686
1758
5652
4726
2980
8428
2550
5490
904
4216
3446
4480
962
4560
1662
7152
7560
7220
7892
6962
2578
6548
8330
5290
4800
5950
7058
7820
3894
1392
928
5916
3380
5188
3254
8332
7140
4916
2560
8512
5136
6050
8366
5252
3282
6204
2288
5408
8792
5448
3470
6240
3762
8658
5568
3386
4820
7282
6598
7712
9618
4810
7268
2220
8990
9940
5754
1930
2328
3434
5688
8176
1926
6476
4258
7536
584
7972
1620
9792
4764
1832
3788
5428
8422
2586
7908
7286
1394
334
140
5600
18
2742
3662
7172
4642
4150
9412
3950
3926
2196
8582
8940
6890
2092
3376
3100
1948
9984
8104
9708
4232
794
2574
8746
8110
1500
7856
6748
1236
7102
3096
6438
3804
2418
2666
7756
9698
6636
6928
7674
7630
4782
2264
3636
5812
6538
1664
9318
2354
1120
1846
3880
4428
2676
3990
8552
1634
7680
7270
5114
2896
2390
5248
2044
1864
5004
8932
5134
1186
9848
2592
552
8256
4914
6116
1840
9444
310
1906
5666
1816
7804
5794
3456
4834
2428
8086
7128
1852
4984
2654
6472
3888
5724
3664
7604
4842
5560
1320
1680
6704
2414
2878
6128
3078
8490
9974
1556
8020
5964
8168
6130
5240
7544
5962
1978
2530
4598
8232
7316
9868
3440
9458
1028
7444
4304
9878
6070
9470
8326
1110
2924
8284
1006
4108
4600
984
862
4804
8824
1132
8234
9008
4134
5316
9172
3934
3774
8902
1734
8100
3998
6708
3008
7426
2746
7688
6780
3750
1826
5982
4302
342
8324
3284
284
908
3032
1160
9860
9188
8566
4798
1026
3406
4024
4850
2498
438
9876
5076
4300
1628
102
734
3632
6138
3696
8638
4524
4924
5748
7814
176
8662
2528
2620
9880
1076
3896
3426
7870
5778
9650
110
5012
9652
1646
4608
2456
2082
352
2136
2614
1900
9348
6546
3390
7484
1444
2262
3250
5332
3488
4536
3712
3938
5262
1518
6402
3832
1086
6324
7212
2650
8670
3208
1238
3118
8830
3522
9682
4918
2206
4582
5816
5460
