3349
31
2419
5723
1145
6067
8819
1797
8957
4833
689
7431
2765
2817
4923
9043
9515
2145
8389
3169
4503
9837
829
1977
8529
3205
801
7351
719
7407
2833
485
3721
359
5323
203
2899
5817
7261
4445
9013
3917
7105
8805
9957
955
5109
1471
5925
641
307
853
9459
5347
4641
6153
2139
1599
3867
5191
9521
5599
1221
6733
2783
4619
9709
4097
723
9091
179
897
8965
2019
8783
4941
1237
2171
4263
1905
8111
9557
9079
5097
1967
5457
2743
9493
6297
9273
2179
6955
9647
583
3797
1545
169
4643
1679
5451
7009
8683
3555
581
2555
1253
2431
3875
8447
8839
7167
4461
3375
1079
2845
5151
2511
8631
5033
7147
8549
8127
4597
1061
8031
2357
2515
6623
6773
5555
9383
8835
5259
6343
3475
2205
1671
5757
5189
8175
1761
3007
957
6261
8665
1481
3561
295
5949
5297
1435
2413
7585
421
9743
1109
693
2187
8895
9331
4827
7863
5545
1347
1861
2309
7195
3403
491
5077
1165
1251
7405
1591
3915
2291
5983
8945
8533
9439
3591
4135
7765
8673
1579
6553
2149
9235
8741
8341
8565
1427
5489
3589
475
5283
4057
8541
6567
3811
5173
5155
8323
6833
8441
233
7503
5301
3599
2791
5141
3153
5401
651
5835
9587
9673
4727
7903
5927
3967
4255
8105
3351
9479
667
625
8583
6011
2183
2759
1439
461
759
8207
9937
1849
9881
5295
7429
1393
1091
7755
9015
881
8749
6581
3075
6079
9999
1505
7181
6363
6825
7909
5951
4351
9487
1375
4223
1487
3339
3999
6441
6563
691
4665
8891
7775
3619
4047
1355
3739
4765
5695
805
7275
7189
6583
4349
3253
4839
6107
1845
5045
1719
1743
7645
5727
4761
9041
5279
2065
7649
1735
687
9767
1787
5671
7323
5041
3737
3893
9267
4513
305
5861
6865
2369
6539
1063
4713
7735
3175
7281
2675
85
8877
8151
9591
9489
4803
9231
4209
2379
5179
7717
793
9813
8319
311
1317
4755
527
3685
893
5103
357
9527
1781
2781
6327
6073
4171
9961
7321
7289
3891
9099
6961
6397
9789
1717
3659
961
6235
7453
5755
1319
9161
6937
6479
2721
9255
4751
7659
2365
9711
1785
8505
7857
4527
837
2169
9215
9315
7853
7007
7095
559
3571
7771
2297
9583
4639
9313
1171
3327
2895
7297
5959
7969
5225
5415
4117
3843
363
8239
8125
8029
1187
537
8101
7365
9847
7919
3251
1067
3759
5651
2967
3371
6311
231
401
8403
2439
1273
1339
5689
2393
6029
3301
2767
7977
7149
5923
7477
6271
3761
7881
1397
6285
1823
875
1429
7661
9047
9549
465
3937
5351
2635
4653
1005
9535
8119
7215
8253
2429
8959
4155
867
4187
8823
4159
2623
9187
2147
6157
2615
2851
9589
1219
3229
8607
93
5877
3779
9223
143
4299
1195
2235
4999
7129
5255
8313
3833
1127
4723
5793
8569
197
8491
493
9689
275
8913
9901
5307
6855
2167
8237
1909
541
6433
3417
9461
7723
1523
9353
43
6485
2961
2329
3641
6767
35
9905
3557
9875
8419
2697
497
8829
5767
6615
653
773
7467
2037
6585
5157
4073
1873
8109
2213
4163
7093
373
7137
1701
4421
4011
3977
6919
8949
4543
7641
9655
945
6401
6617
6503
8503
7021
8115
6151
9617
983
8305
5471
6283
2233
2007
7557
3197
2177
9559
7617
9185
4395
289
5987
2441
7783
9347
7511
1311
377
6757
2273
3581
1913
5905
6763
1573
4201
273
7213
1563
9323
3273
2693
5003
4303
4025
7555
7107
9841
5667
1007
2541
6707
6369
7897
8053
9555
1143
1783
1863
709
5891
5055
5541
7017
2283
4711
9565
7233
3413
2119
5747
1887
5383
7475
2055
4295
1169
7573
1957
5575
741
8763
6709
1225
4673
9209
2537
6421
5477
9321
7619
433
4379
6355
6145
6555
9991
6303
7253
7935
5341
2115
6947
1657
6263
8833
2837
2091
2475
8843
8241
8071
8617
5547
6453
7071
4325
3569
673
9889
9791
7683
463
8537
4631
5559
4015
8349
3323
9865
4347
9385
2089
5523
5773
5389
8471
7409
7077
5069
6941
3773
6695
6965
1059
7847
9885
9285
2601
8517
2129
5665
857
315
4393
9779
9139
4989
4975
4809
6935
7391
7229
5515
4243
1945
5057
4851
7061
9203
2527
285
9241
4093
4491
9947
3087
5005
195
5969
8315
2277
1017
9923
8867
6087
7989
5251
2885
6857
9959
2589
5973
2217
6609
6181
4081
5235
2963
2303
6761
4251
6143
703
369
3649
8527
7349
523
4419
8803
3149
6403
2943
7643
6939
765
3143
6089
3439
5499
3829
4175
4019
6033
7667
4465
9415
7993
3489
5701
6543
8475
6849
2327
7829
9325
7231
2339
6481
4229
6657
7907
7099
2015
5991
7805
7235
6013
7191
1445
2025
4427
4189
2457
5061
4151
7789
4961
6275
3017
8987
4737
5325
6241
9663
5317
2425
8107
3543
4029
3983
3051
3635
3085
3731
7045
1937
7589
8637
4535
8353
483
7091
4675
6837
9095
3707
8707
2349
2491
7413
9903
9049
545
9109
1953
8921
4547
5783
1635
3509
8759
6463
5241
8211
6229
9429
6361
4517
8739
869
3979
5053
255
4473
279
5027
901
1485
3105
2553
9117
705
3689
1693
911
8577
8479
3997
4389
3397
1493
5933
1373
117
3879
2097
9575
987
6749
1597
5047
5285
4541
9435
5749
5079
3185
3507
2469
277
1461
3881
6725
5215
8553
809
1865
6449
2449
8615
7089
8395
6875
7419
1043
8713
2655
4623
6113
5037
5869
8281
3313
2629
1387
9101
2727
4509
2331
3931
3519
1837
2263
2053
4231
1803
5363
9629
847
7283
9861
8351
8329
989
931
8925
5679
8143
617
1621
9243
37
8145
1191
301
8563
2229
1009
827
5629
75
6575
751
531
8667
5087
7035
177
3013
9605
8849
5171
9025
6117
5535
1619
8589
3505
6547
3487
7015
8097
6839
8299
7287
819
7647
7891
5571
1683
4115
1731
5181
9401
3025
4107
6223
4525
4519
1901
9553
519
9035
1135
8249
605
8157
4781
1519
4799
557
7651
7001
4843
3825
8991
4021
7949
5243
5935
8011
1559
9707
3679
8225
3511
2003
3553
323
8579
6101
5167
8797
2509
8907
8597
6633
5459
2061
5593
7075
8873
5993
7347
5245
2973
967
9123
9387
5779
5293
3625
3137
9245
3941
1915
347
2375
2849
8937
5399
7603
533
9233
7395
5635
3359
4837
8647
4143
7169
8463
9979
3297
287
6727
331
5231
6053
3755
7295
6023
2987
99
5269
7821
9757
67
8219
8435
2465
3921
3969
6983
3479
8727
1583
3585
8075
4323
3831
4123
7621
8747
1173
6405
1377
9381
571
4971
1231
5419
9525
2271
9359
9075
9821
4973
7103
4061
4301
697
2051
4879
593
4787
431
6339
2567
8679
4891
5239
1033
6701
4261
1365
5177
7635
9913
3747
2221
1567
8367
5017
6473
6987
1405
7613
4601
3385
4813
6251
7495
5271
6215
6527
3839
8525
975
1333
4023
7101
7223
7705
7599
4937
8999
5261
5827
429
5237
9661
3425
467
6775
8083
1097
5209
599
8881
2535
4805
6509
8767
385
561
9817
1829
2653
9375
6197
3615
7957
3451
789
2739
5945
9625
6631
2011
2991
6439
4841
8851
7329
8289
2997
149
229
7375
3
1811
7385
4545
6593
8515
7457
7545
2247
2993
7043
9277
365
155
1639
1699
3405
7799
407
217
351
3159
3097
5425
9469
3751
2533
2337
2813
8245
121
9809
5539
1229
2311
103
1877
1349
2087
1099
445
7629
9533
5867
2121
6883
8659
6621
5801
3899
2107
1297
5609
8911
1131
929
3067
3935
3645
245
9333
685
3809
6003
6793
3815
9329
7807
6165
6613
8223
8173
5385
1511
8041
6753
7637
7997
4885
1741
7577
5123
4437
1479
8025
6921
3093
6109
2889
8265
2195
7055
1853
3863
9747
5999
4185
717
4321
5753
5531
4381
391
6455
2193
4253
6687
9457
2085
5875
5467
1931
4881
4689
4515
6279
8595
6599
3621
7587
8059
1637
7873
3745
5197
8257
5211
1391
6103
5855
2563
1211
389
5529
5643
7493
6535
8251
2777
4997
8277
4577
3481
1649
725
585
5115
7063
2577
6705
9495
1615
9829
8693
5505
3393
6169
623
4931
3847
1643
2977
6683
4537
743
53
4003
2079
1695
8901
4659
7359
1259
8363
9407
8015
7355
1499
7081
7521
7441
1947
3901
457
3321
6309
6731
1907
5071
3195
2435
7269
6943
3463
21
5065
9465
3787
3331
7363
6533
4549
5443
8785
5735
2869
9
769
147
2599
6661
4259
1183
1291
1663
9159
3583
7109
2255
8677
8651
8005
8717
5511
2771
379
19
8061
8387
9355
895
9781
7929
59
6209
8321
2111
2827
1217
3423
7449
8705
2023
6129
3871
8297
8721
6135
2751
4249
8657
2641
4039
3601
5557
8303
1885
3455
2995
3655
8295
7639
4279
449
5287
5051
9225
451
89
1651
1175
9011
3231
2257
7369
1001
4167
7353
3183
5267
2499
481
5411
2733
8159
5203
779
613
4121
7529
4561
97
7697
7459
6671
9857
5613
7851
2647
3019
2507
3201
4925
9697
8813
4179
1301
9985
2621
3567
8203
81
5805
2397
3325
7197
4683
4663
2403
5277
5035
8365
1105
8729
1959
917
8425
5713
1551
6469
6045
7047
2001
7257
4471
2401
6457
8201
8509
9739
8209
5381
5873
3503
5919
3559
33
1609
6675
329
5319
4847
9941
507
4477
105
4031
3735
5585
5979
2823
3989
5311
6521
2731
9039
8073
4769
1975
4331
4241
1835
2579
7827
1825
4439
4915
4647
2795
5001
9167
1989
7163
1661
4967
4211
2399
2481
9623
4691
8663
343
5375
9731
2763
8605
4633
937
3029
9393
5843
5281
2319
4815
6429
5147
3199
6321
8593
3367
5759
7543
9523
7763
8413
4355
1815
2909
2685
9179
1721
7841
1403
1819
4569
6179
1093
2947
2333
5799
6293
7901
325
5449
5013
9695
3865
8089
6477
9687
9335
2865
6061
3441
5527
1943
7243
9671
6069
4383
3469
6577
1697
247
2709
1241
4233
3353
5745
7383
2505
4759
1569
923
2551
5343
3099
9795
1361
3279
8947
5739
3089
2867
6329
3063
6525
6881
7227
8761
4605
7343
9001
4667
5731
2135
2407
6741
3233
3607
6287
9793
1447
3535
6895
3857
2959
5429
4661
9607
8931
2879
2683
7177
7491
4237
4819
1799
1103
9247
5551
9175
2373
1295
439
7627
3467
2815
2949
2723
2831
6353
7917
3767
2979
6977
2523
4043
7845
3365
1101
1277
8155
8751
1271
2411
6813
2547
8643
4581
4501
8375
7473
9819
8719
6367
3009
2645
6465
9177
2793
8093
3179
7361
2113
1155
91
253
1151
5395
6697
9019
4927
4489
8559
2421
7849
8133
1395
9845
2983
7715
8301
5771
8171
1831
5387
4897
7463
3429
1751
9251
6371
2941
4703
3991
5931
5493
3565
6091
1557
9067
3237
6267
6859
487
259
2335
6291
5775
1715
3525
2383
115
3377
1585
5859
6063
8521
4335
7327
2355
2907
9289
2557
9097
8103
1037
9059
3523
7115
6963
9181
4051
547
4883
6205
575
3225
1733
9135
771
8929
3243
7199
7937
2717
4553
3443
2713
3813
8091
7271
2545
2591
5633
1737
9483
8269
7499
211
1189
3299
8575
7899
3939
4621
2561
7913
9567
9437
973
7219
5409
6835
3167
2803
8139
3823
8845
6299
565
2453
2855
7925
3537
4281
6081
6721
5427
9775
5029
7273
4045
6357
3135
4429
1759
9675
5887
9227
9279
109
2445
2463
6677
4889
9545
6691
8795
9785
6669
3579
8789
9343
3155
2067
165
2049
2345
8287
3187
7607
4313
3665
9317
1351
8555
183
5577
5507
4821
8001
4557
4741
3889
6031
7455
2101
9977
213
2661
8113
6769
9443
1691
4285
627
3027
5
2519
3079
661
8455
7563
7301
9855
241
5333
4315
647
4041
8231
7883
4071
6231
2295
5601
5813
6281
8971
1283
8003
8019
1281
2999
2729
9033
5811
3081
4425
1055
319
6161
447
435
1401
6071
39
7221
7435
3123
4595
8653
7985
6183
7049
2637
9571
7003
9787
5463
9425
7341
611
3851
1285
477
4311
4157
7201
375
4725
5481
5857
2009
3047
7461
13
7739
9517
5503
791
2853
8227
7825
4407
4399
6659
1933
4191
6445
6507
6841
5085
6811
5741
8473
4363
4035
8601
9499
9975
5899
2197
6905
1489
7785
2829
9373
4593
3985
9239
205
7265
3431
9833
9451
8879
3015
23
3541
8355
8927
1085
6703
6041
6377
3885
5885
2437
5265
5631
3617
3259
7379
1437
6517
2151
7725
6759
7097
9055
4913
6493
7691
5841
6711
4877
2377
9141
8229
1185
6653
2887
9133
4475
4499
3887
6177
1771
9639
4991
6913
6755
4993
9069
5021
3781
2965
871
5795
2707
5881
555
4733
1507
6979
1791
69
3049
3763
7753
4453
5893
5371
2701
4217
5725
9983
5911
479
8411
8009
8461
2021
2443
663
3041
5647
5639
1421
3213
7609
8325
4307
1589
6781
1993
2937
8857
2639
9537
2477
9965
3457
2059
8791
7285
4951
7245
9609
979
7389
9651
153
8499
4573
2191
3729
5213
7663
9769
4153
2027
3161
9143
8433
9631
9339
8063
5099
1855
1075
6601
6137
4287
6809
489
5169
841
1041
4909
5423
1345
7029
7505
9801
4763
137
8779
1495
8043
7591
1805
2663
3929
4625
7831
8263
1115
6305
7875
9541
8487
413
1593
7411
4757
8981
1157
6083
3119
171
7719
9895
7531
7331
4575
3257
3703
6409
6513
9799
7703
1389
2903
173
9509
7401
2671
41
7699
79
8507
787
567
8691
3657
8045
4615
1293
6573
8645
4069
9419
4855
731
4165
6637
2799
2347
8131
7417
5063
7079
9519
8997
4065
6121
4849
3069
3191
3627
6447
6971
1965
9341
8439
5751
2859
2251
1415
1879
1117
7507
403
4181
7535
1363
5563
1419
4481
3227
3255
2071
2395
9105
589
4637
471
3005
1279
8407
2367
5361
5787
4529
4695
4205
5889
6133
6265
6389
4493
4091
5673
1623
4361
4523
3905
5687
9597
7179
8333
947
3151
4053
7427
2913
6047
5615
4867
469
7357
7787
11
3499
6815
3165
6035
2293
9677
799
9899
1411
8889
9849
9061
9761
9703
7309
9619
2989
4397
6765
3777
5091
8373
2719
3925
3281
8865
6551
8919
7303
6217
3305
2745
4677
3163
4789
5473
9741
5685
9147
6171
5697
6619
2651
1525
6635
4965
9005
8067
4411
4005
8007
25
2493
8443
2281
9111
3545
6591
3083
4317
9993
797
6869
2649
2305
8753
5997
8961
4861
5193
7889
1745
7833
6891
3061
3319
7631
543
699
2893
5359
3783
835
8883
8821
4353
9511
3717
993
1
735
9693
921
9825
3289
5797
831
2735
2279
7865
223
4265
2075
6595
4319
9725
2609
2643
2503
367
6519
207
8261
4735
4981
6009
4063
1871
9955
3433
6819
269
2189
5607
7915
4945
151
5273
5675
6647
6991
6907
6529
8255
739
9831
8275
349
2919
7895
265
9303
3683
7515
455
3597
3095
4933
7211
1501
3091
3675
9611
9253
2699
6823
1049
6115
7069
3335
8307
5709
2569
4369
7443
2923
3907
7671
8397
7975
3667
6649
529
6123
4077
1881
6923
1709
8449
63
5207
9729
9449
3037
5823
1517
1111
825
2093
9165
415
8331
6085
4111
4173
9153
1633
4037
7809
5339
4807
7065
5393
7299
6545
3643
3107
8941
9579
6667
3631
8137
2625
5963
1413
887
4613
9925
8217
3697
2807
6155
3421
6597
7681
9411
9543
8451
6663
8017
3971
8177
6629
2613
4459
7879
3217
7727
679
193
8309
1817
2715
4699
7759
5509
27
7745
1827
4603
6385
607
4193
643
6239
5553
2611
9009
2969
1227
1995
5989
3125
393
2785
7537
2201
4027
9851
5677
1555
4611
8863
2841
6461
5011
5975
1329
9199
1139
2351
3193
5897
4199
1057
6001
8437
6777
7083
7721
3765
6395
5537
1705
3793
1409
2901
5015
8765
8095
2243
9503
1677
6345
2245
8495
2385
2427
3699
1053
3743
453
5901
7251
9423
4853
1123
969
2861
4869
7525
5275
8625
8619
9155
6097
8383
1095
8469
727
3483
5765
5149
459
6313
8337
251
1659
1379
6175
6379
6173
1307
1951
9119
971
5769
2249
3623
2017
2153
6025
7239
5579
1895
9007
821
1739
5139
6917
8057
5101
4955
3647
7523
409
5693
9301
4431
5165
4293
3741
5521
2669
9931
2461
135
5315
3031
3277
795
3127
6655
7981
7601
737
8777
8781
7155
5153
3669
1987
7687
3841
7575
1587
5659
3437
1775
2517
7983
4413
4777
6359
1611
9603
3913
7571
8743
6853
2141
3733
5549
6335
2033
3337
2809
9735
1553
9163
1303
5597
3157
7729
9751
3949
2275
209
1543
5819
7541
8885
6425
6027
8995
8327
8345
345
5093
2095
8193
9319
2045
3723
1483
637
2321
8291
3877
9595
4681
5075
8399
2323
2839
8685
5785
299
5007
1475
2583
8951
8221
4979
1713
5699
9003
4871
6861
6999
1971
3719
1141
3491
3235
6501
4449
8905
6417
6589
8489
5705
3959
1537
4669
1147
5485
3391
2955
5417
1577
5043
9485
3207
5183
9551
3611
1325
6789
1515
1267
1119
4651
3795
863
9269
3329
2105
333
8339
6949
1961
8731
9089
4917
9939
5809
221
8055
5321
8181
9969
9971
4599
159
2607
3603
1503
885
2573
5525
1133
4435
8539
1023
1255
3189
3223
551
1689
569
7685
5971
5447
7263
7781
7769
1073
8415
6665
9989
2353
2881
9593
8235
6497
4067
2769
7451
7033
855
8195
2289
6187
8587
4865
7481
5121
5445
8899
5533
6785
9863
8037
9027
3653
8831
6167
1381
7143
1833
3803
9691
6969
7877
47
4505
1795
1779
9475
7665
3637
8699
5455
1149
3933
9145
9121
4329
1531
6847
3465
7307
999
9389
2761
7973
8273
2267
7387
3849
9309
6351
3493
6801
9513
9201
2371
419
9653
9963
6679
4443
8551
5605
7999
3587
6933
1249
6015
3725
9749
5703
2227
1313
215
6127
187
2529
9403
5367
7279
8117
1003
1963
3045
7421
1923
9369
3609
8065
8013
1969
4375
9053
5219
9945
4649
9073
8715
235
3573
2315
3539
2981
8547
9077
9189
8609
891
3873
7711
7965
1581
2301
4943
1985
5917
1631
7123
3471
4129
9643
9973
3791
2185
3141
4139
4551
7625
9087
8621
9477
4305
7773
9257
7927
8233
2487
2835
5059
3859
7053
8687
6925
7679
535
9391
9031
1327
1407
5229
889
6237
6289
1031
8493
8837
2199
3477
4617
925
8259
2207
3317
4333
1773
6627
8385
9169
5603
2581
681
9637
1013
7027
3769
8627
263
3895
777
9621
2933
3129
7931
1889
8087
4275
1265
1065
2143
4239
4657
3805
5847
4125
6491
2593
9297
6975
3427
5487
6499
933
175
1627
2891
5791
2239
1193
1605
1027
7611
8977
6735
6903
5733
5291
9633
3975
2381
2929
4277
1235
5335
3459
4539
755
7325
1685
6273
5201
1153
9063
4959
3103
1645
3461
2069
4401
7871
3311
3575
5441
563
913
5879
7605
5707
383
7187
6771
8635
577
3861
1467
5763
6149
7793
4823
915
6375
2127
7117
7961
9361
3363
941
6391
2083
4895
9371
8771
1857
7733
4195
5663
