2273
3773
9635
9993
7691
592
5636
4772
7665
5510
6291
1333
9548
1367
2676
4585
1595
8577
1767
3829
8278
7890
7391
164
9273
246
3534
1553
9004
1384
876
4047
2269
6020
5268
8658
1670
8804
2992
9766
5532
9767
8034
3472
5558
4202
8148
7654
7252
2280
5625
7034
94
6942
651
7665
7135
37
5885
2853
6155
4812
5107
1014
2416
882
2928
3377
8721
4179
5850
8343
5590
2122
5657
4952
5542
1636
4450
7522
4179
2881
8266
8647
7573
1011
8633
7221
8401
2919
4794
2277
385
2850
8314
6804
9737
5191
6252
7550
476
8253
5615
8937
9
1623
5479
3463
8835
3009
2792
424
6731
8248
1370
463
4914
1990
2145
4173
7311
7841
6969
4167
9915
9891
563
3911
6129
2863
7867
1631
5462
5508
8870
6482
3229
5821
6941
1472
6634
7309
9756
4289
7960
2855
5117
6093
5545
8431
2962
6164
535
3453
1628
5296
5020
9256
9583
7666
1171
4190
7147
4693
7539
2516
21
5167
1067
922
2331
6017
9494
3909
8905
2686
4444
1870
6646
824
9836
8177
2927
3682
1817
3524
3147
6009
1995
4975
9757
6263
8240
4050
3183
8714
6766
5014
3107
518
8935
2177
2816
6039
4740
818
9313
5943
1389
7062
22
7982
2991
8136
4333
733
1900
4374
1847
3492
6172
5091
1438
5279
5595
1479
5776
6632
8168
1489
7007
1974
2756
8245
3267
8563
3990
8990
7394
9453
2732
502
7013
1319
1324
6679
2148
6827
6913
6451
140
2352
4540
4487
876
7340
4541
2703
4662
7142
847
4809
2180
3669
7895
2506
1364
3440
264
2961
3545
7809
7054
6615
6485
769
7645
6827
9972
5736
4466
2290
3480
2236
9850
684
4185
7115
40
8128
843
2805
9523
2377
3530
2250
2485
8421
6600
5737
719
9289
1576
2202
6101
640
3158
8773
6181
819
3104
8107
5658
3203
4721
3657
6323
2219
4184
7113
3533
3960
9497
8874
262
7950
7580
1758
6404
3866
3812
5430
9018
3454
4797
7244
9345
8914
2017
5494
7121
2082
3065
2321
4641
1564
2085
2264
6913
9528
5712
5645
1046
7333
4873
2623
3293
7356
8501
3437
5784
9709
7221
5558
8637
3447
1048
4897
1482
4976
7653
6630
7243
6326
5520
3791
7954
8717
6217
1989
3856
7588
1114
3403
4464
2279
8767
9391
8521
6777
5315
769
3465
8712
8794
8552
2440
3341
2020
7457
6081
850
9664
8992
1876
2342
6376
9426
1959
7768
9863
7860
4394
8223
5551
323
8992
2535
7857
9424
309
3606
2997
545
9702
6921
5221
1491
6491
5486
582
200
863
902
123
5630
4793
7606
315
7059
1428
8743
6824
5274
5185
2628
8163
6172
416
7679
55
7950
9146
6763
8128
2269
7368
1358
9267
2953
23
4079
2155
6393
2257
2373
8271
9269
13
2506
4538
3086
3270
5924
4793
7002
7733
3086
1657
7415
161
1530
5033
8343
5391
6424
254
5703
9057
8871
4356
8500
7079
2098
6326
1053
9051
6231
2441
9990
985
3479
5398
5440
5153
7828
1563
3143
1495
5793
4128
8138
569
6541
4180
6709
2224
9869
2892
591
5704
7542
3626
5797
5299
2103
829
841
4620
8610
874
1544
3330
5065
8091
6949
4012
4264
8304
5396
2985
354
5877
6512
5295
3962
7894
6417
9926
3979
8674
1776
3680
6003
4744
8367
3056
6773
2933
1453
4067
1972
5137
8755
4204
8762
7815
1980
8564
8599
863
7690
726
3569
8116
1960
1905
6655
8390
7705
7985
5631
7657
6917
718
437
4501
1774
7854
7222
711
6055
6083
8185
8971
9548
5837
2101
3543
9434
718
9200
7496
9918
7394
4219
8963
100
8424
9683
3049
3309
8049
2835
4909
9400
3442
9988
5259
2192
2394
5236
6901
5586
4213
7962
3700
4490
7929
1240
3167
1894
6365
6110
3028
5640
4926
8444
1040
6231
9036
5677
1722
6793
8853
3459
7514
3395
841
1666
988
2913
7741
8881
3008
8542
5729
4364
2182
3569
6799
19
7058
6554
7373
1808
8805
8324
8330
5483
7750
7825
5514
6704
5039
3566
8632
3190
1830
3755
5944
167
1249
837
3281
9686
2601
6976
8580
4508
2962
8944
4553
9794
354
9182
5814
4301
1036
4291
6744
1270
5373
2091
5184
4689
3982
2242
6299
163
8931
7462
1167
4367
2977
2922
2139
4369
7365
2707
5492
7089
5924
379
8069
4925
7395
2093
4326
6610
1792
4394
8846
2981
68
434
571
7496
5119
5255
4979
1881
342
9182
9637
3576
2020
9789
9993
7262
6728
3140
371
3420
4698
3015
7695
8485
7745
5603
699
5759
8829
2447
6460
1830
6029
6440
4801
3896
622
8990
3216
9338
7874
1266
8020
8051
2851
5563
7491
8461
2004
4088
8473
6822
7170
3467
9904
3843
2898
1294
9371
5742
1553
7871
6195
2799
3500
2003
4696
8398
1189
1606
5995
6596
1120
8349
8607
566
3121
2644
4478
3286
9982
8779
9316
8466
1831
4375
7619
2445
6456
4937
5566
8592
9385
3292
8115
1217
9683
7356
4491
5721
7564
8545
4459
2598
4260
9683
2724
9944
1373
6616
6391
137
6319
9825
8973
8346
3347
1328
8640
8481
8853
9080
1558
2619
6441
7183
2818
4386
4819
6628
8918
114
5422
6143
5322
8631
5377
4544
7603
8664
4928
6543
3496
8430
8811
7811
4286
5508
6607
6865
7506
6558
3656
4158
9318
2314
9387
6175
6772
9
9445
145
4192
1632
3468
7500
5346
4440
7153
481
7181
3743
7506
6359
3830
7257
2633
6542
5781
6142
7154
4038
3174
3666
1453
767
1094
2791
2994
8442
4269
884
8430
5081
7972
5829
3785
5960
201
534
6273
5659
3847
1690
443
7133
816
5754
5492
2819
5691
8736
7123
2871
6447
4701
5678
215
9483
6821
9194
8355
3891
9567
5266
3781
2459
248
1021
5851
4681
167
3715
4393
2880
7938
9323
5769
9838
9071
2056
7906
936
3690
1502
161
4759
811
7580
1989
2537
4858
4456
2397
9658
5834
1912
822
2090
6984
3990
7358
8572
5835
74
5740
4245
3222
4157
4563
819
305
3203
6522
573
5474
1972
3446
8290
6199
2455
791
9507
8213
806
3232
979
8094
9632
3363
9626
1610
6650
2780
8972
4470
5757
7468
7666
1805
4701
1237
6794
9635
922
4182
4660
367
905
3245
22
4249
7759
9064
7323
8765
4323
7412
7066
6152
8104
5123
5372
7757
5673
9581
1104
2673
7281
2863
1740
2209
5163
3783
3156
564
1772
2432
2824
1057
7243
6702
4244
7667
7706
2989
2587
3067
94
8955
3848
3895
120
1020
8973
6164
4252
8390
8459
583
1650
230
3498
5657
54
4588
1664
3582
2977
4199
4787
922
677
1020
7038
5620
2391
8980
6686
2738
1083
6726
9007
102
175
5847
3066
6950
5453
163
6375
2099
229
5820
4657
2416
2636
728
9620
2123
6781
5123
2109
4876
6407
2787
405
698
4107
4185
8061
4281
3277
6511
2314
7586
5174
7684
1140
236
6541
4690
7314
9160
4410
9746
9013
7214
4211
8746
4275
5137
3275
8660
3646
9291
3389
2976
4834
311
6249
3852
9946
6622
6706
5532
7614
2525
1171
2018
6121
3197
2801
7346
479
6208
7442
8029
432
7703
9273
464
3891
6346
5825
5477
5285
7203
5905
2941
8334
4969
6004
171
1538
1145
5267
6657
8338
2160
6641
6330
4972
5698
5973
5108
2493
6591
8376
6522
2113
9094
2563
9229
2469
8245
3424
9567
6204
6601
448
5376
4080
133
4662
3689
224
8261
7373
3888
5794
2874
5321
4955
9879
9403
4012
1752
8618
4897
6485
1680
4412
7110
4182
1305
6878
5581
9389
5352
9888
8388
7306
6227
285
8680
7873
153
7646
8616
9382
3139
746
9881
5484
8948
2391
9360
7009
7570
5216
8708
4903
8877
7632
5384
1418
7253
5120
6021
1680
1904
790
8900
4117
2963
8252
3605
849
5337
9967
9879
5210
6478
4736
7370
5440
9525
5847
9
2969
2376
6247
6406
9954
3169
6926
7881
9331
7484
5390
9919
8395
3740
4867
7959
6552
7009
3183
7196
924
4139
9221
8133
5553
6734
5585
7531
9614
3280
5140
1425
7504
6302
6942
6517
6712
3768
7349
6179
2896
7824
4540
6390
105
5836
995
8243
8896
2603
2646
875
8914
996
2502
5983
1774
7548
5510
8111
4003
8924
7816
3086
5145
9110
209
4311
9657
814
2949
738
1939
4203
5738
7672
8004
1588
9708
7434
1696
1641
4868
9011
892
8178
3967
8215
7930
7854
8958
8866
2131
6612
6387
3212
1592
2591
9825
3449
112
8421
1850
3820
4353
253
8008
9340
6265
5414
7192
8551
5816
1265
471
8428
4512
937
5430
6646
7842
337
7096
4300
8448
2605
8184
9955
116
1760
2460
3388
4072
999
81
7503
7333
9017
8990
8719
2436
1467
1569
5265
7055
311
7831
2567
9923
5594
2706
1227
3255
9161
351
1831
6155
8955
9723
9527
2852
2473
5451
2311
2490
481
6139
4440
9338
4841
5721
3521
7521
6316
5391
3719
3683
2256
5119
3313
1987
2139
7581
4715
1107
3429
7295
805
3314
6272
8084
5909
5538
3485
2563
7176
4048
4505
6213
1195
2611
4042
1887
4131
4885
9709
4728
1426
4685
8690
8435
6222
9800
3657
8388
8430
586
2312
4741
3546
1374
1763
3158
8945
3053
6861
6804
1174
9646
2747
4712
942
5686
6297
9256
1845
4574
3600
220
1921
1127
4510
3565
7018
8150
2668
5462
5801
1177
547
1447
6223
8567
5796
4980
4502
16
8603
3988
2926
6394
393
6906
4377
8625
9962
2400
1823
4892
7145
9767
4178
3750
6402
8825
8496
8036
9796
3965
9103
2178
9570
9400
3483
9667
4876
4288
9711
1827
7367
7004
158
5324
4635
5018
7938
1589
1234
2023
4983
6803
4897
7378
2654
8028
570
299
8721
7096
1656
9349
3664
9335
7128
2246
78
7519
6864
7578
6235
1419
8904
9188
5648
2694
7861
2429
7197
6063
3932
7599
9798
7494
955
9301
7805
9093
7320
8824
3312
2164
3
5285
1358
9389
1241
7519
7966
4573
2024
265
7539
7767
8933
8874
1394
3881
4698
4038
5157
4060
655
7168
5745
6586
3362
8577
8406
7787
5705
4313
1102
9129
3668
3834
6441
3203
8791
921
3632
6529
8075
2052
3764
6952
4517
454
7506
7995
6067
8501
5389
2600
8506
7124
9830
4211
1012
3533
668
4915
9875
9560
4611
9672
3474
9430
1069
4156
4301
8199
5532
9518
5346
5126
5554
8963
6627
604
4482
8430
4912
5244
2618
6212
1624
6394
703
8817
7406
7025
1380
2864
4095
9128
8897
1701
9419
5486
8731
277
2575
7200
3529
8909
2145
9246
5821
8693
4651
4139
8301
3829
4484
5231
9073
5828
7862
8148
6912
1740
2463
5638
4889
8659
4389
9150
7726
1758
7489
5312
3671
6174
6899
9560
1962
3844
6403
8205
1975
2716
9822
2409
2605
6470
3054
1889
2561
8976
1260
9037
43
9459
506
5628
7135
801
2350
1765
6654
9362
2131
6461
3144
2058
3277
1075
1187
7007
5829
1548
8275
9676
4496
7650
4690
528
5976
6559
4699
5670
114
1033
802
3205
3125
6243
3333
1890
3663
1005
6492
6547
186
6145
7647
3152
9836
4200
3317
4337
2431
5594
238
3077
4513
8323
9951
8335
5486
3696
3086
7713
2059
9304
4480
1829
7740
3628
1637
7165
8721
8320
5292
9996
6075
8936
8811
1720
1302
6238
7915
2398
1295
1821
3935
333
2926
8305
655
4458
5745
6817
87
5611
6741
1601
3103
6018
5646
4523
4777
3047
5664
8244
8462
2129
3175
2156
8441
842
8775
6875
2188
7568
9302
4830
8325
6400
8514
4617
383
6008
785
9426
724
4656
6083
2641
7073
7077
7980
6501
2660
7951
198
6295
9560
5975
2712
8535
6495
6568
792
2029
364
3209
3100
9236
3867
796
9776
7788
7100
3195
7365
9819
267
6853
3218
7186
5276
9481
856
9995
1612
3762
5564
7379
7452
7206
7321
916
9677
3524
8721
2348
2367
1124
8719
5174
1576
3624
6785
3890
3525
6819
4759
4192
6842
9697
7023
8571
1969
5567
5745
3542
2867
8917
2275
6658
974
2838
9938
6715
8231
5593
1962
8631
299
9658
6390
2242
3215
103
1221
8819
3778
7916
9242
1513
5421
3390
1952
1604
6460
481
7888
9253
204
4080
1645
9431
7836
5749
3686
1411
1637
7969
8523
901
8845
4461
6532
1737
9080
6906
1473
4013
6194
6479
4120
886
2423
4589
7561
1854
4220
120
5660
2678
9828
4718
4755
2218
3037
3894
1388
5962
7111
1726
104
4355
1891
3936
7502
1318
6225
7499
4106
101
3266
2225
4359
6398
9589
5588
5216
1829
5747
1752
1340
8446
1365
9936
8969
4674
7255
6918
1003
6765
6971
9169
1626
6429
9825
2257
1328
1182
5625
6113
2335
8283
3116
7867
1329
5422
216
3908
7279
7496
8548
997
7771
2540
9013
1648
7101
115
6729
3515
4940
6720
2675
8828
5808
2304
1758
5574
8856
1050
7784
4746
9707
7503
5691
8325
1952
7417
8016
9023
2332
2690
6019
9307
1629
4681
2329
9559
3313
8515
1468
6352
6324
3114
1065
3027
5449
5426
3716
71
6150
9968
5719
6551
3078
103
67
6924
379
1463
4111
9841
601
329
5791
9422
428
6867
6798
2192
799
8621
9885
8906
9071
8036
708
621
851
3944
7569
4339
9114
5212
2581
6773
3725
367
397
5473
2404
6509
4586
8009
7764
1666
9369
2116
9777
5024
3428
4524
3411
434
5907
4179
1234
1718
6244
5295
7382
6338
7792
5132
8112
687
5828
3101
5123
1177
1187
7318
5544
5473
2111
1319
9547
209
8898
8733
1978
739
2404
9815
6940
8128
2811
3178
6351
3912
9152
2772
5716
1306
1584
9929
289
3935
1678
3683
7495
7936
7439
6041
7317
164
4005
4069
8360
1624
5519
3076
5272
6488
834
9149
7609
4806
8358
4668
1711
6679
2900
6363
9035
891
8110
3794
6100
6302
5160
9600
1764
6677
7805
8517
8200
4373
4169
6944
3856
9210
3296
1277
5708
3769
2060
7252
7663
4422
2664
8170
7039
6812
8225
5223
75
2184
7244
6686
3741
1188
4453
946
2089
2815
9468
6462
490
6233
1420
2591
1802
3763
1639
9227
4326
8657
6455
890
1022
3843
3677
4325
5169
2289
3092
2596
3515
6410
5071
8986
3061
5313
2298
794
2634
5780
5587
3498
1693
9888
2230
554
4518
8183
90
7708
645
6645
182
9109
5885
5243
2305
9998
409
1781
3214
8437
5806
7910
6340
5006
8701
2063
1507
2977
4530
8769
2674
4747
5875
2994
2490
4505
7649
2214
8309
9334
9075
9716
7897
7533
2628
9931
2487
1645
5090
9734
4753
8743
2552
3961
6426
8196
6996
7067
9107
8966
6596
359
7831
5699
2109
4543
1184
5273
1261
2742
442
4210
7618
7967
9019
869
9147
3383
3778
6123
9162
4414
9392
1527
977
6904
3514
379
6177
8184
8907
2985
2696
9202
319
2956
2872
5923
7068
1560
6618
5016
8796
7823
5405
902
5398
4426
1940
2314
1993
1664
8080
9932
5568
3390
3046
7158
2323
6980
2923
1769
6923
4958
4493
3490
5721
8144
2347
9530
8512
4446
7664
2795
3416
5603
2472
8677
7142
9796
7922
4828
5359
7513
0
423
8830
6075
5144
1846
414
9322
7340
5924
6744
5978
3747
5162
9170
7578
6715
5898
8166
5859
4975
6158
3544
4147
2805
8529
2796
5787
5283
5943
1402
3396
397
4962
2639
5859
3335
8377
3679
9455
1097
3311
8401
148
3950
8890
9139
9314
4439
1332
7588
7778
625
3538
2712
795
5637
6475
9143
8163
2408
3857
1275
7740
7753
2275
9518
5175
1428
8107
8497
5035
8825
6454
8337
1029
2673
8533
7714
2666
1780
7347
544
8158
5380
5071
3412
9815
4187
8189
3410
6933
1482
4335
4189
7473
9537
2102
80
5964
7724
4870
3336
6012
7156
2119
7074
1652
2033
252
5395
3027
3349
5526
5957
818
4645
6537
8956
2193
2437
129
5801
7487
3824
2019
9140
4367
9997
7079
3142
5308
3094
9984
2233
6397
8517
2793
9289
4510
6258
5611
4491
993
2268
7389
2219
9084
2784
7180
8716
1579
655
4188
3995
8755
6734
5279
6765
9100
7868
5662
5790
7241
3888
9274
5938
9013
6708
5666
4201
8421
9737
9898
2462
5074
7803
8434
2736
394
1779
8313
1952
6180
5659
8640
4098
5194
7308
4310
3007
6889
2728
2739
5146
3264
3436
8071
4383
6
6157
4871
6080
4932
6267
7758
2908
9380
440
8165
4429
1727
4610
6594
1991
1559
3700
8564
3874
6412
3789
2591
8912
3674
5680
7334
5907
8441
5511
5167
4996
3719
3034
4432
5328
2723
6906
3208
3324
2876
8975
2240
337
3108
9074
4739
6263
6236
2429
265
7271
9356
1586
4390
5318
6794
184
9073
213
5404
1468
6426
2870
7421
7532
5662
6938
6578
8632
4173
3163
2769
3225
8447
9198
8513
1853
1581
3865
7343
7184
3195
5527
4129
7262
9096
2721
3843
6016
1384
6483
8769
9882
6624
3985
2633
3925
8246
7346
9634
8225
6933
1878
8418
6242
9178
3473
9574
1297
9044
108
9057
1181
2738
3402
9582
2314
8553
3237
1594
8432
3375
4257
226
1863
4893
2584
1861
8001
7343
3208
9238
4611
2493
4166
6580
4498
8117
3382
7634
4396
9121
7258
4328
7366
6929
1535
670
9845
5223
1773
5622
7479
1685
7027
5072
5523
7028
1404
6381
8964
1264
1880
7704
3411
4419
5211
8031
5178
3100
3196
3836
4651
1878
587
6043
9679
6338
919
7646
3188
7125
5517
6013
9187
8777
912
2882
244
4037
7325
5326
9807
7805
8870
6657
823
8493
4538
5503
5514
9185
2959
57
9848
4086
7409
5550
6150
3363
3206
5191
34
7707
7200
4241
718
7615
4406
7669
3250
8215
1169
4926
2531
8687
80
7228
3268
1393
2456
6141
9121
8234
1508
8326
9129
2371
61
4817
191
6123
1122
1464
31
986
5171
4816
2759
5719
8600
5373
7929
1545
5252
6057
9766
8841
4925
2346
6486
1272
3585
6149
6204
4490
8643
5348
2875
5017
2965
6755
3481
9751
7772
6394
8060
791
7551
8192
8091
8993
7998
3106
8579
4145
7587
4561
5884
4102
4995
805
2975
8691
9538
6358
2090
2743
4235
4300
2543
9343
8515
5893
8541
9727
6411
7434
776
190
8954
6127
9559
1952
6585
1066
3588
6204
4067
280
1960
4315
9467
6304
9108
8277
7745
6607
1636
5938
8902
3336
3160
716
8754
4336
3512
3708
2233
5308
3341
3999
6519
1724
4688
2327
2448
6961
5193
5159
205
9568
3962
3389
1295
655
2453
3010
8935
4311
9704
857
6834
2085
455
3503
7791
1214
7634
6456
2859
6427
6620
5209
7501
5591
8142
129
9172
1955
8146
7991
6651
7307
3433
985
4934
5154
3444
6446
852
2439
1322
9876
6029
3134
1690
3055
7906
7064
1293
3757
2486
41
6994
4258
3230
8193
4456
2892
1517
9546
6148
5058
1160
3074
3565
2381
3685
8157
4333
283
8986
699
355
4236
9711
5686
7541
5753
8621
991
3060
997
4108
8900
7352
5522
7949
7976
8175
5809
2143
9054
2799
1272
6263
2804
6926
1074
4828
9379
542
140
7814
7624
2648
4046
3712
8262
6595
9903
9586
9082
559
5457
812
6728
9722
7343
1398
6565
173
2304
1486
9387
4608
5551
3104
2825
5549
5628
3166
4646
1080
1349
2502
7233
5155
4472
4044
1647
2042
8454
565
2652
9976
8215
7836
6846
3488
9494
4721
6410
3502
8994
627
1244
5385
2737
8237
2681
2528
2792
3055
8293
8499
4249
4630
1495
9380
9206
4132
3405
5788
2487
4334
4320
445
1501
1382
228
2875
7595
2743
4885
8120
6147
6330
7643
1423
7136
3211
2738
7896
5872
5348
7704
2692
5970
2721
4046
5867
755
2802
4334
934
2314
9813
4407
1266
1165
7845
3598
3214
7512
4089
3850
2749
759
3710
9229
9657
4273
2933
2738
300
3064
5191
8403
5272
6325
7360
4713
8821
4502
9001
5200
476
6087
8981
3302
7192
7817
730
4617
8932
4811
3901
5758
9569
7473
7516
5378
3684
1742
4194
3525
8727
4295
4127
3793
7314
6015
9461
105
4776
2727
6425
7821
4421
3562
7628
1586
1522
1007
8642
329
2794
8722
4904
8749
1465
3240
9483
4842
6221
7301
2418
8009
2711
160
8340
6122
1651
8491
3418
9462
9628
6571
3938
291
7583
3871
6009
5569
9485
9885
2198
4454
9122
2167
2339
2338
6857
478
9379
7738
4367
7290
828
6714
2822
6042
897
4707
6618
6956
3996
7888
5413
5630
1364
8696
2806
5344
5422
5002
6329
5551
6125
2310
452
7180
3898
6415
9463
1751
4915
9694
1100
857
9472
1199
3929
5688
6772
7619
608
6519
2982
5372
764
6152
8054
1700
1957
1151
4594
2461
3311
5936
7912
6469
213
4699
8462
8828
7709
6885
3967
5313
9066
5051
4242
550
730
8239
3951
9092
1966
3515
6597
1836
1167
8531
88
4285
6956
4579
6795
4462
3859
3375
54
6665
6469
515
9727
4866
7616
2741
2979
8530
5778
6247
9914
2286
1449
2559
15
6333
6079
1793
6087
1581
4979
9660
6075
3429
1918
9171
7780
9375
5434
906
4411
6136
8965
2639
8183
1152
9253
9094
1211
995
2051
8771
2832
3282
8191
5985
9450
3240
5306
9831
584
4224
3481
7097
1928
7727
7438
9579
2506
4965
5596
2529
7844
758
3027
352
4147
9096
3080
4363
1897
1738
3591
4555
1356
752
9572
6955
7005
5307
4979
4517
9915
8843
3435
8870
9578
3897
6833
393
2297
5618
4384
7801
3530
8138
4038
1727
8608
5456
9445
9228
3696
5606
4131
4916
3404
4205
5464
5633
6807
8657
7362
3673
8074
7938
8215
3582
8913
2956
7740
2166
398
297
4421
5912
6802
1587
2977
3299
2058
8250
3062
7742
5449
8623
9768
381
4748
9669
3620
8681
2922
9914
3967
4740
7468
2078
414
1532
5173
3018
9056
8127
4557
8126
254
2293
5631
8604
2179
4497
3398
9601
6832
6844
5422
1270
7644
4598
669
5735
8259
1160
8199
7071
1521
9410
8179
4577
591
4069
5561
1077
9766
9529
9481
6597
3932
5277
7021
3992
2013
9765
5274
4957
2403
6225
6819
9016
9392
4759
3989
467
7290
8422
9273
5186
3079
419
9134
3435
1089
5490
9837
6010
6380
6790
202
4598
8160
7058
8670
9349
7614
6443
1806
4720
2613
5274
3631
4334
5154
16
1716
50
9431
1901
644
792
636
8490
5181
1803
5650
8749
6712
9067
2235
132
9784
1269
259
8572
7995
3389
4381
3016
2650
7416
4229
7917
7347
9930
5802
2863
7048
5676
8314
8167
7309
9237
6752
7144
1092
1285
5964
4339
2779
5403
8625
4171
347
1363
1444
5208
4996
6975
4329
9142
7029
9337
3618
5971
5330
1890
2627
6137
134
6833
2534
7845
9248
1153
2347
7410
9153
6790
8835
5891
3648
9720
5991
8803
5229
5614
7506
5399
6530
6583
4678
1867
4903
2231
1222
8026
3760
3343
2567
4797
375
8212
6897
3839
4740
3512
4179
1691
109
3252
9341
4953
566
3394
3113
5416
4783
1040
3826
7082
2324
4412
5919
6878
5770
5366
1567
724
1126
8740
6750
2478
589
8753
6978
2396
2681
854
4527
9542
9395
8557
5
2619
4014
5107
6240
6909
7825
6578
1559
9047
419
8116
5122
1473
783
671
6939
245
8031
6881
7079
8993
1202
70
6623
6905
8725
9022
1751
1728
4388
6777
2749
6910
5247
1135
4638
940
9489
8810
118
3357
1863
8921
2277
1998
3790
9303
9949
484
8039
9703
2375
1502
9478
2446
9852
7724
1146
17
4026
4163
4705
5643
9701
7314
4034
2331
145
5745
6212
4377
159
8105
8612
2606
1619
3464
207
2785
3914
5353
1196
6637
6365
983
6790
3215
1834
3894
7970
1920
8141
2419
9638
5742
4787
3423
9937
4206
9395
6343
696
622
9745
6806
5739
3435
2834
6085
7868
4422
134
1181
9198
8930
3625
8022
3507
367
5460
4488
7041
5979
295
2952
53
5113
7080
9428
9677
4061
8326
6606
296
9201
9658
1097
7212
9417
1031
2487
1629
8011
167
1978
4443
1819
4289
2285
6258
2980
7324
4113
2066
6996
7743
188
2696
9112
9097
7234
4282
8208
373
5831
2979
7712
9626
8625
9518
9737
3241
2478
6897
8738
5684
5491
1546
919
97
5174
4574
2552
5855
3156
146
6053
8598
2142
8998
8210
6184
1501
7638
444
4342
8746
4832
2772
470
2471
703
7333
9372
2287
9678
3603
6157
4908
1768
9045
1410
7762
5061
1096
4480
1039
1456
5883
2135
9164
9041
1594
3343
7328
9101
525
402
5597
5167
8292
7827
6269
9109
2384
1218
2198
1870
542
523
3343
797
6686
3464
6266
1048
8569
7745
5413
3565
3647
7147
4380
7652
4875
7622
6940
9689
3154
8476
7482
3470
303
1973
1997
9970
916
7012
3240
173
4402
1524
1408
4590
6690
7777
4622
1976
9957
1643
2996
5325
1065
4207
647
2853
8715
2279
7989
2101
4784
4151
3228
9599
2773
9523
3525
416
9347
5298
7145
7307
1234
4257
3809
5047
2071
844
6780
5013
7388
749
9090
4084
1413
6848
6155
8815
4510
3316
4684
7371
420
2403
5006
1859
7328
8727
1410
7898
7939
2924
2573
9673
6527
6926
7529
1809
84
2320
7629
1287
5356
3375
4035
9869
735
4036
7826
4029
4162
8435
2675
8519
8416
9653
9604
1167
4947
2110
2326
7423
893
6838
45
6657
331
1281
3917
2282
2288
190
676
2328
8373
6169
5740
8128
9869
1221
8829
2806
7399
3226
6066
2598
8481
3825
7667
6306
1783
7580
6996
2332
3228
3323
8401
2166
909
7242
224
4610
3582
7241
9681
744
2397
4229
5852
5287
3154
5801
7753
6377
6470
2680
8603
2771
3016
6612
4237
1003
2648
2193
3800
2869
3733
9432
8867
5137
9914
7392
4742
4044
3509
2793
8479
7087
3964
8914
2372
1053
5890
8787
1679
6629
7948
2075
2626
9388
9122
7502
7285
476
5678
7837
2410
9520
6811
3550
2477
9183
3173
5080
1713
4563
8663
8766
190
6287
5699
7310
9881
1284
1919
4264
9442
9829
707
4704
4816
5319
7509
9266
9536
2321
6990
8800
2903
1990
425
2071
1687
2872
1851
8701
9380
2065
686
8139
6374
5241
7781
6093
4456
9263
130
8526
7469
6084
4821
7353
3041
7582
7369
3902
8493
4594
9509
4954
6027
356
7137
1731
9705
880
135
3933
9673
9038
4516
3528
5486
3073
7754
3180
857
9403
749
1314
5726
9895
8045
2519
4368
7194
7903
2280
3638
7176
7870
8025
3917
2692
9593
667
5489
6025
5512
875
6896
9131
2565
7768
1567
5779
331
4633
2967
9920
536
1560
5570
2962
9437
3693
2069
6855
3715
6108
6263
6004
9291
8337
8437
40
6864
9723
1993
3673
3414
4073
3664
6656
6392
2398
5342
7620
9456
7202
4929
471
2361
90
4781
2698
1375
5952
7889
9864
7488
100
6306
5445
835
9721
6621
4566
1078
8472
269
5242
5799
9166
4847
4314
8008
7262
5671
5504
8349
9806
7529
7195
1578
1296
722
1499
6811
5850
223
5092
3195
2448
5022
4499
2062
553
1490
9125
3413
5632
9434
4670
7348
3096
5010
5540
2622
8908
3700
9487
1851
4040
3357
9694
9770
8146
5507
6927
7083
3224
4059
2399
4271
3958
9566
6385
9223
8416
9317
804
5101
5048
4654
4735
2579
3274
7830
4252
9510
3417
9284
6386
8085
9907
110
2447
5318
8153
1151
5026
8197
7168
2778
4987
7429
4594
5493
7421
2453
5384
4630
1287
6450
9140
711
9559
3923
8841
4409
8803
7361
7784
1151
9517
2568
6848
1126
8823
4881
5957
8991
6785
9600
467
8817
9493
8767
2156
346
959
7971
5053
2257
8147
3167
4943
5546
9861
7092
409
8377
7245
4306
5548
8634
7985
4711
3929
4283
5192
6123
5834
7809
4954
4408
2872
8536
7120
3240
4344
5587
2713
2252
1488
2248
1706
851
9291
5379
6483
1058
5094
8989
8900
1001
93
3299
369
7564
339
6669
3518
6524
3779
5239
8588
175
4637
3048
2937
37
9127
1962
3063
3683
8067
6446
7095
416
9615
2566
3632
8769
2920
2585
1353
1368
5111
5544
7902
774
7847
9353
979
5955
7096
7658
1825
1616
2338
5350
4291
3869
5623
1392
5957
2358
3344
1129
72
8904
5800
7178
9247
9941
7568
9528
9400
8820
2877
7698
3668
144
5938
5715
9297
4103
4237
1355
4269
6125
2340
7740
8872
6573
2829
8111
1009
407
1974
9222
8537
4669
5748
3517
4678
4671
4602
8161
2545
478
3240
471
1975
2842
6021
4450
5126
3300
6759
191
4711
7465
9374
1118
41
7145
4128
1819
2081
4303
7905
9091
8906
9701
4178
9620
5496
268
6460
1479
833
5870
1634
374
1063
8276
8780
285
6676
7502
8859
9392
7747
2487
5539
5159
4876
9988
9976
2445
1739
6756
2402
3154
7193
5903
2396
9487
1781
1282
8530
395
2700
60
8602
4698
4369
9004
1553
9401
7212
744
3958
4646
8661
3968
9044
9682
9084
6940
4326
8092
6540
4055
5776
6505
5628
1998
1657
2834
7505
6177
8590
5703
5295
737
6791
4732
4489
326
9042
2371
5350
938
1492
4914
8982
3873
7981
2667
2749
4122
6528
3832
9006
3433
2736
7630
3557
134
2257
9496
7773
6054
3437
6967
2742
5965
7688
8884
3637
3194
3700
3175
38
6434
9934
9051
4566
1353
3484
8098
2072
362
8186
169
6914
7300
8353
7495
7222
6855
4867
5081
1721
6365
3012
205
7736
389
5958
7516
3601
6903
6957
1360
5973
9828
6263
2567
9014
2422
7211
4913
5326
7613
5438
72
780
4424
4978
3914
3582
8330
5917
8247
6549
6627
2556
2136
2635
225
4107
4382
4999
8344
5233
6268
8723
2631
5133
5374
65
7154
6713
1107
9178
7890
3139
6347
8889
9962
6715
2492
4196
7365
7993
2257
2979
1850
9130
7
7331
3552
1621
2861
6720
793
512
4742
1934
4275
1655
2145
7418
871
1857
3448
933
4641
2661
6245
1808
9537
2678
5434
5724
8020
4450
3386
4725
3319
3389
7607
1484
3568
6479
5942
6848
9065
2686
632
4996
3115
7029
8386
8668
4541
8232
281
5708
6483
2577
9291
2197
6486
3172
9202
3037
289
9066
6097
4327
475
8891
7149
6912
5548
3405
9725
5378
6920
5480
566
6499
4900
7821
217
5114
9763
2805
49
9940
8836
8008
4508
8376
635
5431
3467
8092
8161
7763
4752
578
4860
9234
1162
942
3951
5814
2672
8952
1358
2536
2855
6784
79
6486
8773
4229
1853
2588
6133
7919
6621
4564
1853
6102
8923
6935
5129
9526
2464
2416
8905
6703
4180
1477
5173
8887
5786
5706
510
4402
8753
8248
7015
412
4929
1504
6430
3232
957
315
5837
4092
8413
2915
5210
587
585
3734
3975
4521
2773
1146
2019
122
1623
2363
5898
7504
5506
7658
5157
8991
8762
7063
1446
4600
9237
4546
2373
4285
598
6158
7114
8821
4989
7112
8650
854
3470
5761
4943
881
6095
2996
6432
2822
3989
7321
4887
3681
8297
9073
2612
9657
7475
4545
6164
1691
6876
478
6544
8690
1279
1604
3937
1966
869
8512
4446
824
6544
8859
2801
9877
6863
8052
7824
8492
1918
1016
2265
4111
8267
5257
545
8964
2290
7883
4464
7808
6496
626
650
283
8992
1074
1927
7802
1146
3080
5112
6467
7148
1837
8275
8154
4243
1275
964
4529
6042
7790
1291
3374
7957
7331
2313
6199
2588
9849
6986
3988
5433
3190
2626
9318
7013
2038
9806
67
7265
3809
1120
3729
8769
1757
1975
1654
7835
9803
2971
6583
3158
2617
7392
2331
7003
4273
5796
2490
3656
3340
5473
2954
6304
9608
5202
2718
8043
3456
6057
3015
9814
1011
7891
1943
9740
9655
3566
8122
8659
1473
4497
4068
7967
6575
7055
2260
5059
1420
3640
6805
3365
6929
3782
2905
7453
7563
4990
5253
6884
2136
4779
1297
5195
1422
1175
4006
2850
870
7904
9231
6167
6211
546
7979
1371
2142
2704
763
3107
8801
2408
402
7880
6354
9255
6773
5025
5258
3881
8001
7130
2646
4872
4029
6675
7029
4202
5649
7487
5159
7306
3009
3816
4088
9368
6420
6803
46
6583
1085
2726
8843
6555
2962
5642
6275
4992
1122
9317
6496
1458
3787
7427
4512
7833
9945
6994
7404
1574
3436
3214
2820
4087
1762
7817
2914
9937
9124
5072
7783
7081
8958
6968
4524
3321
448
6497
8368
9057
7557
9776
1078
6155
2811
4844
8420
7337
6629
834
702
7623
9879
7003
4146
3271
7647
5954
1740
5241
3716
2332
7235
3270
9904
8194
6636
890
2026
3799
2243
9560
3890
521
3050
741
3219
240
1332
4378
540
2903
4763
2166
5048
8738
9475
892
4492
5189
8346
4851
8904
9464
7468
8398
3499
5661
48
9128
2743
8770
8184
1970
3547
9886
926
5965
2791
302
7937
4073
6358
7920
7947
2896
3472
3272
7798
4544
1990
1308
6963
3852
1893
99
1010
4949
955
9493
2287
3468
7678
4485
4693
5908
6420
8750
4228
7263
9382
9940
7126
5072
7859
7522
9666
3599
6859
2018
7497
4299
6013
4526
463
8505
3697
730
7238
3093
6303
1594
4995
243
8042
7722
5710
4727
8382
1753
2974
8507
9511
1973
5110
8947
925
9788
7729
918
6151
1404
7404
8664
3876
2209
3738
5414
2242
54
9654
6718
7861
19
416
6075
7680
1049
7754
8984
9944
6348
1378
5477
2845
2315
461
1809
6269
6537
3275
6901
2149
147
1156
68
5556
9370
7255
6188
9909
6845
1578
5967
5925
4921
3458
5528
9942
6895
3003
240
602
2156
8845
5184
393
7587
7186
1485
5180
9452
5069
2850
1601
4930
2553
5906
6546
1863
9109
8204
5433
4800
9215
9626
8032
5263
6842
3035
6791
4456
5554
2001
3451
6803
1775
4169
6634
9027
2416
9275
4473
7486
7439
8437
1119
1912
7552
6348
985
9309
7205
6492
4952
7352
93
9792
2552
6531
3816
7832
6709
2234
5970
8341
198
8136
4827
7483
2209
5284
8093
1850
4678
129
7143
5664
5106
3294
35
9651
6245
1697
1862
7800
1890
2340
6308
8289
5561
8804
9840
9105
5578
6429
5009
6906
8223
1341
3777
23
9989
949
6551
9659
9505
2140
5628
6825
9076
394
2007
5952
8427
6734
1752
3082
2599
4470
8691
1503
6935
3522
3871
3597
3375
6286
4837
6112
5839
1499
5210
9017
3242
3694
8875
3465
5163
5227
7460
7222
7157
9318
1632
6855
3441
7952
2235
6850
9939
7250
3822
5859
1149
3951
5025
4906
3818
1394
6530
722
9885
6750
937
579
6535
7218
1557
9078
3610
1545
455
6850
8600
6260
5500
7947
5417
2268
4438
5010
5594
4344
983
5583
861
57
8971
7168
3441
8904
2297
4928
7634
4075
1941
7667
6107
4356
1652
6664
2371
1474
1304
4875
7662
401
4420
5632
8851
3396
857
9620
1541
9946
3029
639
1112
3569
3553
3081
6808
7965
2729
5948
8892
845
6726
5314
6772
6428
3078
8221
1316
770
312
8098
1736
2108
5930
2862
6023
8856
2611
4599
5217
2063
5833
2928
1823
135
7626
5114
5510
1899
5951
6924
4034
2071
8887
9821
6300
5946
7786
3758
2645
482
77
5043
5711
5363
5602
9263
3253
9499
8215
4984
3862
2437
7621
2475
2629
8924
210
7051
9295
123
5536
7259
9751
4530
6580
4481
3378
9068
4081
8838
5198
5828
6563
2249
6397
1032
5810
3809
22
3637
7387
2751
3990
2837
3647
5319
4216
3711
1610
1056
8929
3215
4503
6996
3160
2638
6820
6887
843
2392
3358
4229
5712
7767
3017
726
8479
9495
6197
9540
5920
5503
4879
5878
7661
2222
7822
7384
6528
7058
5181
9603
502
6833
349
3580
4893
989
7341
9582
4262
3493
3200
1499
9217
9690
1098
6040
3988
7039
2538
4252
8743
7012
627
4038
5570
1705
9049
2310
3305
9151
4275
2330
7230
5843
5653
1478
4422
7437
9859
938
4032
7900
4733
4418
337
6705
529
5459
3114
8771
9315
6488
7110
4110
4049
8891
238
283
5594
5430
7374
4147
2863
8545
7951
4129
1563
233
9509
6908
6344
1466
6761
8340
4342
7796
5503
3497
2323
1753
2020
7702
3958
8547
5080
9261
988
7893
2794
1704
903
506
2724
3398
6199
4295
5009
595
5769
7443
194
6274
4794
3305
7603
9239
1350
5646
3403
9015
583
9236
6318
6443
5007
3995
5092
6674
8593
1962
3758
894
7365
3014
3162
9359
2971
9062
1628
4117
4847
4284
5733
4468
703
1658
3850
2026
3431
8621
2962
6922
4435
4260
8722
4130
4339
4143
4269
8676
2494
6952
3376
2080
3030
3007
3641
8191
4103
4193
4754
2506
8408
6137
6435
3538
7766
9619
1978
5436
6387
8301
7089
9691
7556
3719
5772
3700
5191
4465
2612
1941
3329
2996
5746
3859
4242
2285
3955
6984
7813
1323
5679
2825
4437
1034
1763
5773
9196
6867
6358
7235
2778
7433
5311
3521
4993
5093
7902
7086
660
321
9173
1458
8010
9694
4804
5161
8771
1426
3827
4370
5918
6177
5806
8830
3488
2961
1280
1867
3853
7972
6212
2881
6013
1506
2577
4784
6356
6565
7638
8266
396
1645
4057
4379
4417
1989
9922
4343
7026
9333
8641
6844
326
8883
6015
4083
6235
61
945
2990
183
1281
648
7475
2192
3144
7296
7790
4692
81
2576
6090
4564
4508
6449
1544
4372
8002
3651
7849
9616
3780
6001
4680
274
6563
1766
856
2544
4973
2589
7274
4075
2552
9382
133
1750
5584
3789
4943
3296
7483
2321
3116
6314
78
4772
6995
7357
7669
5198
9101
7426
1112
202
6449
2690
9322
9962
6474
9047
4306
5789
2230
7069
6588
2906
2973
9101
4717
5139
1476
8921
154
7612
487
9351
7038
4445
4183
6259
9367
9551
8190
1737
3893
9081
544
584
9285
463
1754
7248
354
6505
4221
1566
3923
606
1818
6659
4224
9552
3306
7606
8179
8741
8274
7436
4581
2201
5231
6253
831
5026
1653
7195
9263
5529
9951
7031
5068
8396
6295
3105
7807
7237
3845
1842
3755
4277
4922
8014
231
1442
8123
1061
3282
4871
8327
4340
3076
2077
6793
3663
8543
7604
8349
558
7141
9996
8871
1131
7491
1826
8045
5334
4799
902
5291
6755
4869
3099
2703
2446
3072
978
2510
4280
7813
7136
9708
9698
7215
9576
1285
3800
1235
170
9069
9995
7117
9888
9581
3712
6737
8865
2949
5585
2241
9727
1429
6119
1767
4257
7727
5223
6401
8875
4070
3634
8729
5168
7479
4640
1729
822
1883
158
1450
9856
553
9329
7920
553
8797
6612
8577
794
8078
8421
3263
3872
2170
2993
6806
2980
3082
190
1338
4689
1692
2245
5468
3750
6243
1469
6730
3042
2643
9974
2979
3725
6182
8891
9979
820
4
4072
3556
8398
6554
6272
859
9237
6278
4713
2592
7589
5121
1333
1839
100
5043
785
293
3897
1312
6743
5688
9426
4884
6640
1315
9029
8447
8677
794
6796
9140
917
2804
1377
4093
6816
3932
2257
6762
6056
1995
3427
7952
8338
6893
9339
7146
5998
3351
7563
4983
6078
8029
7773
3129
4085
4333
8448
44
6046
5255
5246
6903
563
3390
3785
1102
5318
9353
2984
3461
3737
1173
4536
2914
5246
8675
6337
4684
6343
6974
6846
5771
1462
2181
578
2792
6731
8649
4131
8512
979
6477
1611
6756
9020
5171
1281
3810
8203
2605
7706
1556
9171
9798
2953
9513
5107
4510
8667
2341
1358
2059
5483
1092
1818
1972
5981
1766
1636
1443
5370
3805
1610
453
7138
6382
2036
4029
8423
902
1555
1011
696
5443
4694
4022
662
7216
50
5053
2190
6135
4904
446
5976
7113
9812
2887
460
6555
7422
8194
7516
9185
7724
2397
9498
9287
2960
1622
5844
2686
195
3463
1075
7126
89
2863
2670
5709
3922
1945
14
2169
1884
4918
8432
9284
7630
1590
2657
6232
8492
9730
367
8558
5585
1960
978
1451
1854
5017
6587
3142
2012
2201
8706
650
969
3144
5361
514
1254
8900
9454
98
6256
3602
3601
9507
2364
1712
8597
7172
5277
9392
9091
1462
8967
6995
1589
2866
5813
8438
7140
7258
8393
5599
9333
9297
6168
6020
8321
7533
2619
5458
3668
1544
5657
1473
5053
1400
2001
2723
9170
1750
274
9500
2288
3043
9972
712
9859
2706
1961
6676
2799
9176
6629
9015
3997
6265
4607
4116
5113
1249
6012
9157
5606
6969
9147
310
1371
9380
824
9792
1719
9135
237
6458
9205
26
1956
7133
53
3939
5607
9995
6650
6966
3462
5934
8722
6436
2819
9892
3009
9697
3403
3611
4917
2744
4315
4923
585
286
6514
9508
5424
6252
4551
4831
400
5048
8783
3220
3736
1152
3160
4393
4261
6782
216
6188
3970
8793
2951
6341
8657
6483
9771
3154
5227
4516
1180
8028
6156
969
5877
5266
7793
296
3786
1190
9363
802
7163
8321
7954
7857
2271
1975
6661
8462
1014
506
643
4663
3596
8290
661
1263
613
3338
8413
9351
3668
2690
3768
1920
6384
8748
9911
8542
3521
2992
8950
622
1184
796
8231
6817
1073
4527
1280
5163
6354
1948
9754
1846
199
9876
8842
9561
5708
7300
890
3862
9980
6940
2702
2420
1688
3332
9597
6346
182
9067
9838
3166
9617
2857
9532
2362
387
1017
1237
1124
4644
3851
5673
9907
2813
5347
7481
5296
312
4610
5128
3107
3278
2694
7882
2224
6992
9966
2622
6712
4163
6957
7334
5111
8522
88
1143
4414
8856
3700
8638
8480
6113
5670
2827
9288
4496
6104
9621
9523
414
2248
2739
3761
9362
4990
7392
6401
6297
2747
8683
9506
574
6077
3057
6180
9198
9129
9606
1587
4984
696
6368
7556
1427
2679
7903
64
1079
9455
4973
6822
7719
9266
1542
6753
9673
739
7247
3636
205
6203
5039
4455
310
1906
7525
8550
6948
757
2786
8694
2793
7278
5072
2336
5531
3211
5116
5408
6800
7048
9001
1630
1544
9541
1434
3993
7671
4578
9326
7951
1904
6098
5834
6887
2029
8515
3004
6404
6611
2580
4058
9206
2387
5640
5831
8646
6481
1187
8780
8285
7974
1931
7355
3446
6570
4879
7689
3616
8138
9109
5535
7485
7507
2266
6365
5240
2076
4055
5167
5688
7800
7107
3478
5283
6089
5693
8801
3004
3076
8799
7334
1638
2996
1890
4396
3220
9744
2484
4730
6379
8806
3906
8473
5028
8540
6014
3856
1699
2615
4386
5310
1673
8235
2158
5145
4679
5960
8570
21
4688
2727
6073
5887
991
1507
9892
332
956
8249
6467
2023
2875
1851
4565
8829
2985
1315
538
2270
4244
6135
2860
3079
7335
474
2831
234
4295
2147
4563
3480
2712
2537
7174
6324
4941
9826
8371
7774
1737
925
9202
369
8786
4319
3982
7964
6438
3798
4756
8155
6630
5214
2890
659
5161
8708
2810
4860
6402
852
9381
506
3396
3797
8807
9913
9721
7499
4949
4295
5537
7486
166
3541
4633
387
9512
1870
8943
9933
2310
3809
5947
555
5843
4374
4183
4988
7348
592
9312
1626
5241
1722
2625
3208
4366
5083
4555
305
497
9047
1682
9762
9860
2414
5834
8636
7480
4906
3426
7917
8228
9902
9661
3792
8500
7769
5034
2134
3062
8543
9699
5911
7315
5409
1653
2134
6179
4209
3415
1586
6878
1228
496
4700
2815
8744
5390
1322
6404
5745
4586
3205
7426
2938
5130
5027
4560
3201
3907
4983
1854
2338
996
2860
5636
4328
4545
2325
6242
8430
504
1294
6864
1468
3410
7991
8633
6419
7201
29
5006
9404
8107
9034
1424
7804
921
6235
6377
5070
594
1064
744
120
3218
6572
50
6115
7275
1975
6186
4042
2571
2043
1861
5491
145
9799
5747
7834
5648
3292
9331
4335
8208
8623
760
7850
6452
2897
8149
9731
8729
2631
189
7277
674
2887
6898
6003
3582
814
6668
4813
375
4991
2744
683
595
7617
5807
1713
2990
3283
3568
4350
2542
8730
1005
7105
8354
5238
1360
3104
9504
96
8079
5428
9298
7746
6388
3044
6463
5819
8179
3018
2350
794
2315
1108
246
1250
8019
2779
1533
6246
2410
5242
8605
655
3290
8670
5854
2769
489
1311
5937
2825
2393
6890
9629
6301
8403
5507
8129
5089
7487
9707
4457
4865
9850
7736
8470
3283
6179
5833
6836
8104
3471
6718
8599
7218
1015
3504
3690
7864
763
480
2022
3356
1993
1731
9850
1955
6148
7345
38
5114
1404
5779
741
1519
6969
9308
5899
275
3131
1866
6161
3272
2953
1129
2312
8229
1340
2035
7008
9824
6148
8400
6097
8750
5090
9993
2608
4259
2413
2387
9472
6962
1791
5622
1512
8472
6116
7896
6994
8943
8084
4888
8113
8617
735
4408
3236
7070
4238
5816
4290
6761
8669
9562
7164
7287
9751
6013
9204
4451
1480
8479
6329
1708
3523
7694
2412
7786
846
2661
3452
6596
2577
1206
8917
5724
5355
2644
6476
3600
568
1038
6743
6613
11
8995
4729
7361
4608
4895
1001
8996
7990
3268
7188
3181
4881
3406
7411
4169
8264
6192
7167
8091
4427
641
2090
7614
1158
6688
5397
3278
6058
6322
3178
4670
4207
9476
2948
952
1213
9270
4396
7319
6433
2752
3974
9119
9885
4559
3511
8273
4776
3502
2796
4738
1734
7685
8619
7688
6600
9761
9866
4415
7630
5707
9896
9202
3459
7134
4017
7863
5179
7155
7561
4168
8788
7807
7581
7761
1468
5968
4433
9724
2976
1648
9489
3182
4435
2873
8854
4466
39
5213
831
2166
4456
2883
1061
6707
8858
4667
1378
1447
3190
3744
8061
4538
3601
7617
9627
9369
6237
4907
9373
6189
3911
8434
6863
3306
8227
6169
6705
6684
6197
8566
5767
247
4723
3765
8074
3884
4359
5756
6393
7036
5170
5897
1578
4741
1808
6619
9812
9767
2017
9302
784
4181
6092
3438
4650
8304
3605
8012
5184
7803
3154
1693
7597
9108
2870
7773
8295
6293
1620
8483
6145
9700
8408
3285
8827
3827
2057
8591
114
4262
8070
1557
2386
3946
8215
5297
535
9852
3652
7039
2895
3031
2759
60
6054
1024
7587
4088
1240
5758
4912
7481
6635
5414
4787
2675
2355
2458
9447
3918
7475
1040
5029
1626
5789
9263
8270
7045
5308
7689
2337
3361
5148
3034
7663
1651
8076
2785
154
4569
4313
2988
5472
3637
9014
3323
4541
9409
2517
4507
8491
9390
7462
6237
7745
6775
6687
8638
7415
3071
8337
6649
6552
5971
3763
7257
8846
5444
6748
4641
7019
7223
9638
2595
8406
4033
1134
136
9215
9144
4944
8044
5574
8243
7388
2580
2196
7780
1539
7205
2549
9980
6578
3540
4030
4237
1707
2277
4668
1948
9392
1362
1840
7534
1029
8535
2813
2283
2684
356
3695
7126
6267
5103
5954
3954
3933
2676
4271
5947
3162
7649
6975
9536
6579
379
8248
4615
4012
1188
5811
6108
5938
2806
1879
4131
7408
5019
8996
7583
784
1235
8060
7559
8597
8593
1846
429
8931
1444
7695
4624
2353
3584
9462
4410
7415
4011
5084
8823
1989
1700
5685
2472
6365
9019
2843
2535
5916
4336
5725
4248
3723
2623
8400
5353
6430
4208
9361
271
2249
7367
1186
3138
2254
3779
7167
6604
7682
6487
5903
3628
1204
4796
9747
3328
2747
553
2508
9967
4085
2612
6550
2156
5420
4639
5683
7739
8905
5061
7351
7902
959
2928
2002
8338
7952
9809
102
6560
6467
5053
2269
6328
1197
2890
1680
533
7419
7207
7801
9188
3668
1399
8012
2223
8480
6281
463
8962
2201
2700
6594
7766
4810
6555
2920
84
8347
8538
6584
742
5722
8991
4596
1735
8328
9578
7362
4777
2123
9497
55
4840
7680
5230
6432
9831
5169
1278
4854
1429
7251
6885
4797
2918
428
7910
5775
1527
6185
8939
7978
2064
2298
8423
9947
8469
8645
8400
6655
9166
4912
353
6351
5464
6471
7806
5379
9697
6737
8142
2865
4985
1943
4416
9738
4657
4523
2599
2598
6584
4565
3046
5053
4481
7156
1323
9897
3471
6253
9658
6240
2619
1175
4401
7334
2407
9080
7193
2188
6399
6126
2048
7058
5758
247
1865
1523
3280
3167
3593
5006
3363
3609
6936
656
4441
7419
7723
7674
1880
384
5026
6635
8837
585
9817
5258
3646
6074
5494
3199
6479
9004
9423
2463
2555
3246
9723
784
44
4974
9097
9251
7850
5572
476
1402
4297
7197
6293
4171
2784
6786
5997
4340
6379
4836
9136
4484
6285
1383
6552
5584
6087
5098
5098
6377
6350
7717
1775
7424
867
1371
7030
5616
7999
1847
4203
5025
224
263
425
4677
3445
309
2743
6138
3665
8231
773
5182
607
9653
3186
2538
1568
8232
8713
8462
9377
5763
687
7017
1826
6449
3681
6338
2245
6453
9164
6652
269
9455
7656
3346
3892
2987
6479
1802
3698
7459
3710
7330
7867
9158
4828
3590
8482
4001
5133
5657
6587
7987
3873
8435
5496
6545
1741
6928
6821
1828
373
6646
455
2661
6345
579
4109
3166
6604
1047
8861
7906
4956
7001
8176
6146
9786
1710
286
7292
6979
2345
6180
494
8201
9779
9978
4578
9418
2626
7815
6803
7895
8918
2831
1580
6565
9254
265
4360
211
7066
1876
1996
2361
4021
3319
2438
7560
7205
4331
1584
375
9913
5965
22
831
8300
7740
6417
4437
8437
2187
2857
609
7366
4191
3927
4463
250
8952
4
3925
9206
9467
5666
7046
1946
6150
4430
7867
2613
2165
2954
8842
4773
3030
4517
9427
4011
3128
6444
1576
5904
1545
7367
8033
7837
1837
2660
4512
6324
3075
5644
6377
314
5719
4278
4319
123
3510
689
6617
8871
9678
4641
2373
7222
1021
9711
6823
9056
652
6430
4633
9827
628
6843
2674
4253
3545
611
4867
4947
6062
8663
366
8691
6896
6810
2092
8199
1097
2600
8166
437
4704
191
3216
3781
6761
7617
6394
3207
3936
8284
128
164
6777
7185
9544
1693
4463
212
5215
5383
5157
2304
5875
2025
8156
1743
5773
9941
9942
8890
6836
9908
6969
5968
2569
5664
9752
5977
9541
2610
8364
1846
323
5065
3188
9982
7594
2948
3463
24
6756
9698
8910
9382
347
8349
3348
8366
8238
4996
6432
9218
6263
125
9930
920
4541
1878
4239
9977
8660
8090
6597
3628
5111
3684
2356
962
171
8663
6286
4489
2290
7645
714
3722
6190
973
1830
1280
6524
8545
2667
6677
8129
5727
1407
3962
8839
6525
540
1295
4231
5362
7631
5241
4720
6281
5899
5116
3789
9120
4939
2136
3243
5393
4593
1156
5094
3841
8694
895
1929
4106
6816
1880
2121
5473
6676
776
7434
302
8200
8826
1142
6315
2546
478
8531
9963
7428
1375
6372
4169
208
4093
6759
9697
9805
8459
8928
2561
798
1584
2475
4957
6789
5491
1661
2526
8712
6826
14
1315
6577
576
5260
4689
9542
7573
4019
9227
8179
4833
845
8774
3532
4098
7908
3134
3614
6136
3422
2367
8174
2447
7121
2203
7345
6205
5214
3072
9917
8676
4875
3923
7416
4847
3484
7179
6029
978
8019
8690
5742
279
1039
3888
39
7213
8167
4214
6245
6562
8371
3674
1248
2712
6623
8657
7852
3912
1418
4051
7746
3465
4357
8122
186
5771
343
2109
7593
587
6819
4898
215
3049
8925
7288
6190
3093
9732
7347
6011
5489
454
7956
2783
7696
9960
645
8851
6451
5699
7863
2877
4556
1131
8860
1371
3488
4799
8988
5510
86
7648
6405
9862
5724
3441
9863
2936
9485
7734
481
2731
9485
1796
7885
9261
8105
8940
3953
8975
9516
2986
4450
2014
3587
3741
1180
2317
9269
704
522
8115
4483
3398
3238
5387
4596
4283
7656
8614
3436
637
2285
5143
3160
9994
7696
4313
4684
120
7910
8002
5682
6414
4321
4789
7659
4859
9385
5493
9181
6955
6519
5152
9351
9009
6
4747
2398
5262
9190
3356
4457
6485
5436
7656
6659
4403
7093
2036
4653
7335
1434
5879
2693
3598
8152
3667
8107
7366
5599
6963
8064
6316
8191
9387
7682
2918
2078
6169
4209
3715
2441
2390
7578
1113
1757
6606
9714
846
4627
2930
7908
3675
5612
8980
3664
1833
3199
4916
797
9805
2772
9740
7868
441
6407
5132
9827
2467
106
9802
2563
1923
9793
384
7941
3083
7947
1890
5322
8042
3220
7734
1148
8880
9020
4051
8726
1306
5687
9900
1871
7534
8621
9378
8883
7315
6153
2202
6912
175
8633
7899
3018
9801
5708
1929
3133
9126
9497
2867
6212
1931
8157
7532
4705
4005
5163
9134
1331
1322
6280
2211
6813
5411
9970
800
5719
8141
910
8001
1288
5363
2745
6173
151
8434
4212
9709
3432
5612
7199
9529
5633
4779
1058
1770
4533
1345
3785
2003
2117
6520
3248
8829
4534
2764
9858
6282
9273
1614
1223
7483
5748
1944
4498
8434
372
3086
4070
6687
3865
6778
812
4140
8966
4962
4330
7133
8568
1127
9207
7037
3632
5495
260
6465
6198
2731
3281
5402
3914
6518
7969
8139
5955
3685
5098
1076
2243
3589
586
1160
9015
2832
8664
811
4780
2109
3298
9140
5955
6472
4855
501
6589
3539
6112
1479
1211
6185
5754
831
6792
7444
7286
7407
8409
5805
7583
3321
6524
3261
5851
7788
1200
116
5065
3432
9905
6143
4051
8756
2449
1528
4116
5870
5683
6901
9206
2623
4358
3718
4271
7778
5472
8749
8577
3077
3960
5887
9960
3561
3126
1996
1264
8166
8847
8977
9039
1096
7587
7218
7395
9564
2033
5253
5578
9260
5674
7065
8009
6158
4553
3373
6311
6299
3724
3411
9497
6524
6274
2282
1655
2061
3834
9726
9562
8382
5447
2666
8475
327
1073
2742
9767
7010
9324
4018
8330
9872
3456
5752
5890
8266
5742
2560
9257
1424
9503
6050
8176
8398
2093
6459
7439
2715
2135
923
9779
1999
5137
8542
4235
9070
1600
5116
7842
6500
6010
1784
9128
8596
6658
5801
1081
9191
1661
9433
6766
915
541
3216
7078
3829
3064
3018
4679
6395
34
764
2505
5835
5068
1209
6861
78
905
6393
2039
5684
9642
9425
6226
2193
4246
7804
621
7830
2400
1631
2952
4553
3713
9314
8825
1420
4932
6818
3427
2139
8739
8242
2270
5590
6960
2987
4869
967
6182
2782
6922
8824
734
405
6211
9491
7261
4290
1246
7333
6023
7857
3361
6001
2580
6420
6517
4938
8699
886
6527
2433
4814
2500
3647
6600
9213
3520
4706
170
9993
3400
8971
5130
4499
1163
6859
7501
3804
626
1113
4745
3857
3660
824
9061
9077
7650
387
9081
6253
7994
5937
2767
3515
1444
193
5949
7890
7547
9960
3829
3637
7391
6691
1645
9681
3010
7909
1597
2350
5810
9428
1894
9727
2971
9518
7489
540
732
4711
5159
8592
6872
3747
4627
3047
5035
7447
2802
4483
8018
5988
2797
371
5514
7185
6868
5751
2838
8614
2688
7084
3410
6722
8779
701
9931
7588
4456
1505
9316
6897
3722
2932
5113
4980
6333
4884
8376
7521
9935
3381
7365
5711
4444
3240
1016
7638
8179
7498
9878
242
159
6878
4740
2211
5164
20
484
9635
8142
4627
1462
4894
7399
3326
4079
3205
216
1513
4484
7492
8414
9764
5063
6887
1425
1156
3952
8760
2426
2593
1827
9851
3214
8182
1364
5890
2299
5982
4272
2466
4207
4708
8857
2541
4270
5126
8739
1986
7662
6092
5085
1646
7333
8720
7678
5506
6600
8343
6634
6003
1090
690
5993
4683
1473
2702
6655
2376
5852
30
433
6470
5781
1086
8725
755
4143
1768
1191
5592
4504
1955
445
8123
2981
9705
1387
6736
2731
6011
6694
2729
431
4969
4404
7876
7419
1677
4469
3085
5751
2882
6224
9660
6399
8807
7728
8430
3061
462
370
7599
3945
3379
5897
510
353
3513
9948
1061
5740
5471
5252
5425
5446
5945
3108
5389
9524
6905
6064
8460
1598
1519
1752
3136
4189
7568
4985
4143
6330
7199
5929
1764
1581
4372
1983
5583
8577
5613
1373
2324
8452
8362
4866
627
3874
4038
497
147
1660
610
74
5651
223
8010
2444
2095
8017
763
812
3127
8266
6146
4457
4637
7029
535
6004
2779
7590
465
3890
7345
2334
4697
5598
2630
3198
4477
5847
3390
5931
1043
5153
4982
2144
8487
9029
73
7783
6584
811
4802
2119
5685
6611
5873
6000
7117
8326
4040
3612
2929
3628
8443
9076
6537
4464
3986
3822
4569
9689
8910
6675
2893
5863
3238
9074
3012
3999
1307
2425
7505
4491
8101
2833
6188
251
8264
5158
824
8197
9019
4222
406
4475
6293
533
4294
8045
2202
4370
1058
7144
4249
4905
4301
9099
653
637
1180
6897
3826
620
9224
6445
6103
7987
3053
301
8104
3072
5295
5757
5359
925
2509
9421
1029
3462
3666
4673
4083
457
3391
8102
3273
2207
9580
289
6094
2418
9406
6345
5820
6357
3065
6498
2303
6437
4347
8625
7934
849
3631
8946
2132
8800
2020
7533
8228
557
7340
9863
5595
607
9954
3500
7394
8190
1977
9833
4103
8135
4096
2450
6839
5811
2698
4508
2476
3894
4242
20
9573
3430
412
8541
9201
2782
499
2233
7032
5732
2972
6319
6282
5429
4219
1453
3623
9367
4607
6027
8830
160
7960
8588
4941
790
3616
283
153
9736
2203
3182
7560
9438
6142
617
612
1902
3785
5606
8048
3630
5394
9637
7730
8633
9856
497
2994
4036
209
4635
309
8963
6517
7754
8811
4936
4382
4733
8459
9990
4729
917
5896
4956
8942
9161
5146
4017
3644
2128
4560
8138
7440
2892
5751
8742
5632
853
5824
1550
282
3282
7312
3113
6732
302
3610
6801
906
4602
8425
9619
1449
4535
547
1080
80
8677
9201
3552
4586
4784
5061
5995
5007
5154
9782
7349
9154
1558
167
9384
4507
797
7075
3055
2635
1095
7740
7163
414
7594
4470
8940
2323
3815
912
7876
4078
707
3628
4300
6826
5713
1259
7855
1685
9302
8175
7715
9690
6655
3328
5983
472
3657
2659
4319
4690
454
5041
6622
1281
5122
4603
4565
8094
3576
1198
1585
5810
3070
9357
3499
9404
2051
1246
4874
2233
815
216
4407
6687
3497
5087
3637
2981
4551
3458
5382
500
3962
9204
9170
1837
9650
1703
2303
2792
3248
4165
8409
8962
4271
8191
1355
2915
5831
8899
5274
8956
9704
8066
2510
1419
6455
9683
3051
3710
6059
4062
5304
7111
9202
7434
5877
4828
8371
2568
757
2424
7942
8182
7199
1715
2894
1643
1692
2409
5924
9562
9141
6094
6680
2558
573
2537
3490
8237
7757
2770
2727
3520
3035
2536
9196
8201
5048
2127
1960
8692
1335
5616
8697
8959
1849
9086
1216
8167
6217
5529
6634
7103
2587
6492
2735
3995
7624
2614
1073
1829
4234
5473
1645
947
9967
8801
7292
2619
198
2738
1058
8827
4416
2109
1563
1328
2506
2684
8084
3741
6444
4529
8429
2261
3746
4184
7757
379
1898
7969
7084
5011
4732
7022
6876
4055
2661
6995
9253
6425
3749
4593
8679
6232
329
1558
3801
9219
3210
8016
4558
1591
5632
3262
6602
4463
6828
1473
9182
1058
8842
2428
9148
7882
5059
8903
9756
7950
3812
4228
3194
3623
5829
8272
5909
6718
3609
2918
4992
2570
9779
9364
66
5460
4523
9545
2467
2241
8534
5317
1537
6395
8969
3527
6371
5081
9863
176
1741
3100
8543
5268
1707
5786
9804
789
1220
4407
7557
7923
7902
3557
3213
411
8401
6345
4980
2105
3026
8297
8527
3616
3787
3900
4365
5850
2779
3072
3944
1968
706
8662
2652
4442
2742
6709
8631
3184
7091
3800
174
5880
99
3623
6842
7130
5956
9811
7586
3216
3121
4233
1173
3321
6980
5360
284
8723
1271
3734
1657
8488
7465
578
6990
7136
9320
4368
711
4496
7165
1506
4867
4536
8825
7366
40
1056
9536
6143
5786
411
9984
9644
8901
3532
3287
1803
4163
472
5440
2687
5179
2282
7113
4189
5505
7545
1735
4767
2111
3813
30
8795
3471
6999
4613
4766
9107
6990
3804
2869
4833
4845
6646
9026
6181
5430
18
6961
4217
9805
2489
7301
9640
466
7058
669
2517
789
6128
5761
7385
3928
4073
8532
4218
3993
1147
1781
2761
2211
9660
3400
4086
6888
6737
2404
8926
2958
5466
1794
6125
8964
106
3291
1995
9888
9709
8016
4540
2886
4285
7865
1545
4879
3149
5012
2431
6188
1214
9508
3133
6392
6380
5316
675
3768
8094
5914
5696
4898
7287
35
903
5236
1981
